3389
2451
3902
2095
2184
2789
3156
3351
3506
3707
2593
2945
3075
3144
3435
3658
3876
2109
2395
2546
2775
3073
3086
3133
3135
3154
3227
3315
3445
3580
3798
3830
3917
3925
2018
2061
2093
2107
2370
2406
2837
3080
3083
3113
3140
3161
3186
3201
3306
3349
3411
3441
3476
3514
3561
3682
3796
3887
2060
2145
2290
2399
2429
2477
2539
2604
2611
2628
2772
3108
3138
3142
3219
3252
3304
3327
3369
3467
3781
3801
3821
3862
2028
2305
2548
2708
2729
2749
2759
3038
3120
3134
3146
3152
3169
3171
3174
3188
3242
3251
3266
3324
3427
3495
3508
3595
3763
3838
3883
3962
2039
2094
2102
2113
2163
2275
2285
2302
2314
2336
2421
2465
2472
2549
2566
2676
2703
2818
2877
3081
3093
3115
3130
3148
3150
3159
3182
3195
3232
3235
3279
3364
3367
3387
3403
3503
3513
3526
3565
3615
3660
3697
3728
3850
2008
2020
2073
2120
2137
2226
2252
2264
2299
2362
2366
2382
2397
2435
2479
2485
2527
2540
2565
2598
2599
2602
2648
2657
2672
2710
2743
2756
2785
2819
2828
2832
2851
2876
3023
3069
3088
3200
3202
3223
3245
3254
3268
3269
3309
3313
3338
3343
3345
3375
3646
3663
3699
3776
3784
3825
3983
3993
2022
2154
2171
2249
2253
2349
2372
2466
2488
2571
2584
2587
2589
2603
2608
2641
2669
2678
2932
2956
2965
3020
3021
3047
3052
3062
3082
3103
3207
3236
3239
3286
3300
3303
3360
3362
3393
3397
3398
3447
3487
3491
3515
3517
3524
3541
3584
3636
3688
3725
2005
2012
2035
2067
2078
2157
2241
2259
2405
2407
2427
2442
2490
2492
2504
2526
2558
2568
2634
2650
2667
2717
2784
2826
2860
2866
2970
2998
3015
3041
3067
3168
3205
3237
3275
3284
3288
3311
3320
3325
3328
3382
3409
3509
3550
3607
3633
3655
3720
3727
3809
2062
2111
2139
2231
2247
2266
2304
2316
2330
2331
2436
2439
2469
2510
2525
2547
2554
2559
2615
2627
2640
2653
2658
2691
2761
2790
2868
2896
2910
3040
3045
3068
3070
3085
3099
3173
3206
3215
3238
3246
3256
3259
3296
3331
3334
3344
3354
3417
3420
3425
3450
3525
3539
3549
3569
3576
3606
3628
3639
3680
3746
3811
3988
2010
2041
2072
2092
2124
2130
2160
2177
2260
2324
2334
2365
2455
2486
2499
2501
2502
2521
2545
2609
2619
2719
2782
2792
2800
2840
2913
3051
3074
3111
3124
3155
3187
3229
3260
3294
3317
3333
3342
3365
3377
3406
3443
3458
3497
3523
3551
3574
3586
3638
3691
3750
3768
2015
2032
2051
2053
2220
2279
2295
2383
2423
2433
2445
2460
2533
2597
2617
2645
2734
2835
2858
2870
2883
2893
2938
2962
2969
2989
3011
3012
3030
3049
3056
3072
3090
3096
3097
3131
3283
3353
3368
3399
3408
3449
3473
3537
3557
3573
3596
3651
3773
2024
2027
2065
2079
2104
2105
2187
2121
2131
2151
2229
2434
2441
2461
2503
2724
2836
3756
