2309
2313
2450
2452
2476
2537
2575
2579
2616
2620
2642
2766
2797
2806
2847
2849
2887
2900
2992
3143
3190
3194
3196
3225
3330
3355
3359
3372
3373
3381
3386
3421
3453
3504
3666
3675
3804
3805
3845
3898
3926
4147
4660
4675
4723
4726
4829
2085
2181
2197
2268
2283
2287
2300
2380
2424
2431
2514
2515
2519
2586
2631
2652
2661
2690
2713
2751
2755
2927
2952
2996
3007
3029
3036
3039
3092
3105
3384
3543
3587
3696
3777
3791
3797
3802
3911
4443
4605
4759
4840
4905
4917
4927
4940
2019
2025
2071
2110
2178
2180
2185
2221
2235
2265
2376
2387
2448
2585
2663
2726
2736
2793
2963
3000
3003
3018
3063
3071
3087
3191
3291
3340
3371
3402
3431
3535
3556
3591
3626
3659
3681
3870
4752
4821
4856
2006
2086
2122
2248
2301
2393
2482
2570
2622
2630
2647
2875
2926
2984
2999
3002
3050
3065
3095
3234
3429
3464
3563
3736
3828
3841
3908
3971
4037
4165
4758
4774
4799
2038
2040
2232
2278
2289
2296
2308
2354
2368
2379
2528
2594
2638
2711
2776
2827
2944
2953
2981
3019
3055
3228
3233
3253
3265
3281
3282
3319
3326
3379
3405
3424
3426
3530
3657
3738
3743
3754
3956
3985
4666
4709
4721
4802
2090
2125
2168
2191
2342
2483
2506
2534
2614
2684
2707
2709
2716
2741
2768
2770
2788
2871
2888
2930
3034
3042
3059
3136
3158
3166
3189
3433
3439
3500
3554
3597
3676
3745
3760
3803
3813
3815
3903
3921
3979
4630
4703
4788
4814
2244
2303
2325
2339
2418
2552
2576
2767
2780
2803
2830
2844
2879
2955
3121
3267
3361
3448
3624
3642
3694
3716
3723
3747
3810
3946
4615
4655
4681
2149
2228
2234
2344
2446
2467
2610
2662
2744
2774
2917
2950
2983
2994
2995
3014
3025
3028
3064
3076
3107
3118
3151
3216
3221
3383
3454
3457
3460
3489
3521
3709
3734
3735
3751
3770
3847
4716
2237
2263
2323
2340
2413
2578
2773
2839
2862
2934
2942
3009
3046
3104
3167
3181
3185
3204
3310
3363
3414
3428
3455
3518
3570
3692
3703
3855
3952
3965
4644
4735
4745
2155
2175
2227
2292
2389
2426
2524
2562
2693
2967
2993
3016
3102
3226
3352
3527
4822
2101
2355
2471
2543
2692
2898
2935
2954
2982
3231
3247
3250
3280
3463
3496
3774
2064
2386
2557
2723
2924
2957
2960
3054
3061
3077
3244
3290
4078
2293
2457
2495
2621
2754
2794
2889
2968
3170
3198
3203
3208
3272
3276
3293
3711
3764
3852
4770
2190
2432
2478
2675
2679
2689
2834
2884
3013
3162
3270
3271
3647
3665
3686
2205
2437
2511
2812
2821
2854
2959
2991
3001
3057
3214
3230
3567
2353
2373
2623
3184
3255
3257
3346
3769
3788
2929
3419
3693
2820
2915
2921
3175
3662
3332
3533
2842
2874
2897
3004
2909
2262
3451
