1
                    precision    recall  f1-score   support

              <f/>       0.93      0.99      0.95     41151
              <e/>       0.85      0.91      0.88      4040
<rm-1/><rpEndSub/>       0.82      0.20      0.33       916
       <rpEndSub/>       0.12      0.00      0.00       610
          <rpMid/>       0.00      0.00      0.00       701
   <rm-2/><rpMid/>       1.00      0.00      0.01       224
<rm-2/><rpEndSub/>       0.72      0.24      0.36       223
   <rm-1/><rpMid/>       0.00      0.00      0.00       131
   <rm-3/><rpMid/>       0.00      0.00      0.00       123
<rm-3/><rpEndSub/>       0.00      0.00      0.00        59
   <rm-4/><rpMid/>       0.00      0.00      0.00        62
<rm-1/><rpEndDel/>       0.00      0.00      0.00        52
   <rm-5/><rpMid/>       0.00      0.00      0.00        33
<rm-4/><rpEndSub/>       0.00      0.00      0.00        24
<rm-2/><rpEndDel/>       0.00      0.00      0.00        21
   <rm-6/><rpMid/>       0.00      0.00      0.00        24
<rm-3/><rpEndDel/>       0.00      0.00      0.00        15
   <rm-7/><rpMid/>       0.00      0.00      0.00        14
<rm-5/><rpEndSub/>       0.00      0.00      0.00        15
<rm-4/><rpEndDel/>       0.00      0.00      0.00         9
   <rm-8/><rpMid/>       0.00      0.00      0.00        14
<rm-6/><rpEndSub/>       0.00      0.00      0.00         5
<rm-5/><rpEndDel/>       0.00      0.00      0.00         1
<rm-8/><rpEndSub/>       0.00      0.00      0.00         2
<rm-7/><rpEndDel/>       0.00      0.00      0.00         0
<rm-7/><rpEndSub/>       0.00      0.00      0.00         3
<rm-6/><rpEndDel/>       0.00      0.00      0.00         1
<rm-8/><rpEndDel/>       0.00      0.00      0.00         2

       avg / total       0.88      0.92      0.89     48475

                    precision    recall  f1-score   support

              <f/>       0.93      0.98      0.96     40501
              <e/>       0.83      0.88      0.86      3894
<rm-1/><rpEndSub/>       0.83      0.17      0.28       744
       <rpEndSub/>       0.00      0.00      0.00       569
          <rpMid/>       0.00      0.00      0.00       512
   <rm-2/><rpMid/>       0.00      0.00      0.00       228
<rm-2/><rpEndSub/>       0.60      0.21      0.32       164
   <rm-1/><rpMid/>       0.00      0.00      0.00       111
   <rm-3/><rpMid/>       0.00      0.00      0.00       110
<rm-3/><rpEndSub/>       0.00      0.00      0.00        62
   <rm-4/><rpMid/>       0.00      0.00      0.00        57
<rm-1/><rpEndDel/>       0.00      0.00      0.00        44
   <rm-5/><rpMid/>       0.00      0.00      0.00        33
<rm-4/><rpEndSub/>       0.00      0.00      0.00        23
<rm-2/><rpEndDel/>       0.00      0.00      0.00        23
   <rm-6/><rpMid/>       0.00      0.00      0.00        18
<rm-3/><rpEndDel/>       0.00      0.00      0.00        14
   <rm-7/><rpMid/>       0.00      0.00      0.00        11
<rm-5/><rpEndSub/>       0.00      0.00      0.00         9
<rm-4/><rpEndDel/>       0.00      0.00      0.00         3
   <rm-8/><rpMid/>       0.00      0.00      0.00        14
<rm-6/><rpEndSub/>       0.00      0.00      0.00         4
<rm-5/><rpEndDel/>       0.00      0.00      0.00         1
<rm-8/><rpEndSub/>       0.00      0.00      0.00         1
<rm-7/><rpEndDel/>       0.00      0.00      0.00         0
<rm-7/><rpEndSub/>       0.00      0.00      0.00         4
<rm-6/><rpEndDel/>       0.00      0.00      0.00         0
<rm-8/><rpEndDel/>       0.00      0.00      0.00         0

       avg / total       0.88      0.92      0.90     47154

%%%%%%%%%%
2
                    precision    recall  f1-score   support

              <f/>       0.93      0.99      0.96     41151
              <e/>       0.89      0.89      0.89      4040
<rm-1/><rpEndSub/>       0.75      0.44      0.55       916
       <rpEndSub/>       0.24      0.01      0.02       610
          <rpMid/>       0.00      0.00      0.00       701
   <rm-2/><rpMid/>       0.76      0.06      0.11       224
<rm-2/><rpEndSub/>       0.81      0.29      0.42       223
   <rm-1/><rpMid/>       0.00      0.00      0.00       131
   <rm-3/><rpMid/>       0.00      0.00      0.00       123
<rm-3/><rpEndSub/>       0.23      0.08      0.12        59
   <rm-4/><rpMid/>       0.00      0.00      0.00        62
<rm-1/><rpEndDel/>       0.00      0.00      0.00        52
   <rm-5/><rpMid/>       0.00      0.00      0.00        33
<rm-4/><rpEndSub/>       0.00      0.00      0.00        24
<rm-2/><rpEndDel/>       0.00      0.00      0.00        21
   <rm-6/><rpMid/>       0.00      0.00      0.00        24
<rm-3/><rpEndDel/>       0.00      0.00      0.00        15
   <rm-7/><rpMid/>       0.00      0.00      0.00        14
<rm-5/><rpEndSub/>       0.00      0.00      0.00        15
<rm-4/><rpEndDel/>       0.00      0.00      0.00         9
   <rm-8/><rpMid/>       0.00      0.00      0.00        14
<rm-6/><rpEndSub/>       0.00      0.00      0.00         5
<rm-5/><rpEndDel/>       0.00      0.00      0.00         1
<rm-8/><rpEndSub/>       0.00      0.00      0.00         2
<rm-7/><rpEndDel/>       0.00      0.00      0.00         0
<rm-7/><rpEndSub/>       0.00      0.00      0.00         3
<rm-6/><rpEndDel/>       0.00      0.00      0.00         1
<rm-8/><rpEndDel/>       0.00      0.00      0.00         2

       avg / total       0.89      0.92      0.90     48475

                    precision    recall  f1-score   support

              <f/>       0.93      0.99      0.96     40501
              <e/>       0.88      0.86      0.87      3894
<rm-1/><rpEndSub/>       0.76      0.39      0.52       744
       <rpEndSub/>       0.50      0.02      0.04       569
          <rpMid/>       0.00      0.00      0.00       512
   <rm-2/><rpMid/>       0.71      0.04      0.08       228
<rm-2/><rpEndSub/>       0.72      0.30      0.42       164
   <rm-1/><rpMid/>       0.00      0.00      0.00       111
   <rm-3/><rpMid/>       0.00      0.00      0.00       110
<rm-3/><rpEndSub/>       0.17      0.02      0.03        62
   <rm-4/><rpMid/>       0.00      0.00      0.00        57
<rm-1/><rpEndDel/>       0.00      0.00      0.00        44
   <rm-5/><rpMid/>       0.00      0.00      0.00        33
<rm-4/><rpEndSub/>       0.00      0.00      0.00        23
<rm-2/><rpEndDel/>       0.00      0.00      0.00        23
   <rm-6/><rpMid/>       0.00      0.00      0.00        18
<rm-3/><rpEndDel/>       0.00      0.00      0.00        14
   <rm-7/><rpMid/>       0.00      0.00      0.00        11
<rm-5/><rpEndSub/>       0.00      0.00      0.00         9
<rm-4/><rpEndDel/>       0.00      0.00      0.00         3
   <rm-8/><rpMid/>       0.00      0.00      0.00        14
<rm-6/><rpEndSub/>       0.00      0.00      0.00         4
<rm-5/><rpEndDel/>       0.00      0.00      0.00         1
<rm-8/><rpEndSub/>       0.00      0.00      0.00         1
<rm-7/><rpEndDel/>       0.00      0.00      0.00         0
<rm-7/><rpEndSub/>       0.00      0.00      0.00         4
<rm-6/><rpEndDel/>       0.00      0.00      0.00         0
<rm-8/><rpEndDel/>       0.00      0.00      0.00         0

       avg / total       0.90      0.93      0.91     47154

%%%%%%%%%%
3
                    precision    recall  f1-score   support

              <f/>       0.93      1.00      0.96     41151
              <e/>       0.96      0.81      0.88      4040
<rm-1/><rpEndSub/>       0.80      0.51      0.62       916
       <rpEndSub/>       0.66      0.03      0.07       610
          <rpMid/>       0.00      0.00      0.00       701
   <rm-2/><rpMid/>       0.63      0.12      0.20       224
<rm-2/><rpEndSub/>       0.89      0.31      0.46       223
   <rm-1/><rpMid/>       0.00      0.00      0.00       131
   <rm-3/><rpMid/>       0.00      0.00      0.00       123
<rm-3/><rpEndSub/>       0.64      0.12      0.20        59
   <rm-4/><rpMid/>       0.00      0.00      0.00        62
<rm-1/><rpEndDel/>       0.00      0.00      0.00        52
   <rm-5/><rpMid/>       0.00      0.00      0.00        33
<rm-4/><rpEndSub/>       0.00      0.00      0.00        24
<rm-2/><rpEndDel/>       0.00      0.00      0.00        21
   <rm-6/><rpMid/>       0.00      0.00      0.00        24
<rm-3/><rpEndDel/>       0.00      0.00      0.00        15
   <rm-7/><rpMid/>       0.00      0.00      0.00        14
<rm-5/><rpEndSub/>       0.00      0.00      0.00        15
<rm-4/><rpEndDel/>       0.00      0.00      0.00         9
   <rm-8/><rpMid/>       0.00      0.00      0.00        14
<rm-6/><rpEndSub/>       0.00      0.00      0.00         5
<rm-5/><rpEndDel/>       0.00      0.00      0.00         1
<rm-8/><rpEndSub/>       0.00      0.00      0.00         2
<rm-7/><rpEndDel/>       0.00      0.00      0.00         0
<rm-7/><rpEndSub/>       0.00      0.00      0.00         3
<rm-6/><rpEndDel/>       0.00      0.00      0.00         1
<rm-8/><rpEndDel/>       0.00      0.00      0.00         2

       avg / total       0.90      0.93      0.90     48475

                    precision    recall  f1-score   support

              <f/>       0.93      1.00      0.96     40501
              <e/>       0.94      0.77      0.85      3894
<rm-1/><rpEndSub/>       0.79      0.48      0.60       744
       <rpEndSub/>       0.76      0.03      0.05       569
          <rpMid/>       0.00      0.00      0.00       512
   <rm-2/><rpMid/>       0.76      0.14      0.23       228
<rm-2/><rpEndSub/>       0.82      0.30      0.44       164
   <rm-1/><rpMid/>       0.00      0.00      0.00       111
   <rm-3/><rpMid/>       0.67      0.02      0.04       110
<rm-3/><rpEndSub/>       0.67      0.03      0.06        62
   <rm-4/><rpMid/>       0.00      0.00      0.00        57
<rm-1/><rpEndDel/>       0.00      0.00      0.00        44
   <rm-5/><rpMid/>       0.00      0.00      0.00        33
<rm-4/><rpEndSub/>       0.00      0.00      0.00        23
<rm-2/><rpEndDel/>       0.00      0.00      0.00        23
   <rm-6/><rpMid/>       0.00      0.00      0.00        18
<rm-3/><rpEndDel/>       0.00      0.00      0.00        14
   <rm-7/><rpMid/>       0.00      0.00      0.00        11
<rm-5/><rpEndSub/>       0.00      0.00      0.00         9
<rm-4/><rpEndDel/>       0.00      0.00      0.00         3
   <rm-8/><rpMid/>       0.00      0.00      0.00        14
<rm-6/><rpEndSub/>       0.00      0.00      0.00         4
<rm-5/><rpEndDel/>       0.00      0.00      0.00         1
<rm-8/><rpEndSub/>       0.00      0.00      0.00         1
<rm-7/><rpEndDel/>       0.00      0.00      0.00         0
<rm-7/><rpEndSub/>       0.00      0.00      0.00         4
<rm-6/><rpEndDel/>       0.00      0.00      0.00         0
<rm-8/><rpEndDel/>       0.00      0.00      0.00         0

       avg / total       0.91      0.93      0.91     47154

%%%%%%%%%%
4
                    precision    recall  f1-score   support

              <f/>       0.93      0.99      0.96     41151
              <e/>       0.93      0.85      0.89      4040
<rm-1/><rpEndSub/>       0.82      0.60      0.69       916
       <rpEndSub/>       0.56      0.06      0.11       610
          <rpMid/>       1.00      0.00      0.00       701
   <rm-2/><rpMid/>       0.65      0.18      0.29       224
<rm-2/><rpEndSub/>       0.80      0.49      0.61       223
   <rm-1/><rpMid/>       0.00      0.00      0.00       131
   <rm-3/><rpMid/>       0.67      0.10      0.17       123
<rm-3/><rpEndSub/>       0.52      0.24      0.33        59
   <rm-4/><rpMid/>       0.00      0.00      0.00        62
<rm-1/><rpEndDel/>       0.00      0.00      0.00        52
   <rm-5/><rpMid/>       0.00      0.00      0.00        33
<rm-4/><rpEndSub/>       0.00      0.00      0.00        24
<rm-2/><rpEndDel/>       0.00      0.00      0.00        21
   <rm-6/><rpMid/>       0.00      0.00      0.00        24
<rm-3/><rpEndDel/>       0.00      0.00      0.00        15
   <rm-7/><rpMid/>       0.00      0.00      0.00        14
<rm-5/><rpEndSub/>       0.00      0.00      0.00        15
<rm-4/><rpEndDel/>       0.00      0.00      0.00         9
   <rm-8/><rpMid/>       0.00      0.00      0.00        14
<rm-6/><rpEndSub/>       0.00      0.00      0.00         5
<rm-5/><rpEndDel/>       0.00      0.00      0.00         1
<rm-8/><rpEndSub/>       0.00      0.00      0.00         2
<rm-7/><rpEndDel/>       0.00      0.00      0.00         0
<rm-7/><rpEndSub/>       0.00      0.00      0.00         3
<rm-6/><rpEndDel/>       0.00      0.00      0.00         1
<rm-8/><rpEndDel/>       0.00      0.00      0.00         2

       avg / total       0.92      0.93      0.91     48475

                    precision    recall  f1-score   support

              <f/>       0.94      0.99      0.96     40501
              <e/>       0.92      0.82      0.86      3894
<rm-1/><rpEndSub/>       0.81      0.53      0.64       744
       <rpEndSub/>       0.55      0.08      0.13       569
          <rpMid/>       1.00      0.00      0.00       512
   <rm-2/><rpMid/>       0.66      0.16      0.26       228
<rm-2/><rpEndSub/>       0.75      0.40      0.52       164
   <rm-1/><rpMid/>       0.00      0.00      0.00       111
   <rm-3/><rpMid/>       0.63      0.11      0.19       110
<rm-3/><rpEndSub/>       0.55      0.10      0.16        62
   <rm-4/><rpMid/>       0.00      0.00      0.00        57
<rm-1/><rpEndDel/>       0.00      0.00      0.00        44
   <rm-5/><rpMid/>       0.00      0.00      0.00        33
<rm-4/><rpEndSub/>       0.00      0.00      0.00        23
<rm-2/><rpEndDel/>       0.00      0.00      0.00        23
   <rm-6/><rpMid/>       0.00      0.00      0.00        18
<rm-3/><rpEndDel/>       0.00      0.00      0.00        14
   <rm-7/><rpMid/>       0.00      0.00      0.00        11
<rm-5/><rpEndSub/>       0.00      0.00      0.00         9
<rm-4/><rpEndDel/>       0.00      0.00      0.00         3
   <rm-8/><rpMid/>       0.00      0.00      0.00        14
<rm-6/><rpEndSub/>       0.00      0.00      0.00         4
<rm-5/><rpEndDel/>       0.00      0.00      0.00         1
<rm-8/><rpEndSub/>       0.00      0.00      0.00         1
<rm-7/><rpEndDel/>       0.00      0.00      0.00         0
<rm-7/><rpEndSub/>       0.00      0.00      0.00         4
<rm-6/><rpEndDel/>       0.00      0.00      0.00         0
<rm-8/><rpEndDel/>       0.00      0.00      0.00         0

       avg / total       0.92      0.93      0.91     47154

%%%%%%%%%%
5
                    precision    recall  f1-score   support

              <f/>       0.94      0.99      0.96     41151
              <e/>       0.91      0.88      0.89      4040
<rm-1/><rpEndSub/>       0.80      0.66      0.72       916
       <rpEndSub/>       0.68      0.05      0.09       610
          <rpMid/>       0.33      0.00      0.00       701
   <rm-2/><rpMid/>       0.65      0.14      0.23       224
<rm-2/><rpEndSub/>       0.78      0.57      0.66       223
   <rm-1/><rpMid/>       0.00      0.00      0.00       131
   <rm-3/><rpMid/>       0.78      0.06      0.11       123
<rm-3/><rpEndSub/>       0.38      0.31      0.34        59
   <rm-4/><rpMid/>       0.00      0.00      0.00        62
<rm-1/><rpEndDel/>       0.00      0.00      0.00        52
   <rm-5/><rpMid/>       0.00      0.00      0.00        33
<rm-4/><rpEndSub/>       0.00      0.00      0.00        24
<rm-2/><rpEndDel/>       0.00      0.00      0.00        21
   <rm-6/><rpMid/>       0.00      0.00      0.00        24
<rm-3/><rpEndDel/>       0.00      0.00      0.00        15
   <rm-7/><rpMid/>       0.00      0.00      0.00        14
<rm-5/><rpEndSub/>       0.00      0.00      0.00        15
<rm-4/><rpEndDel/>       0.00      0.00      0.00         9
   <rm-8/><rpMid/>       0.00      0.00      0.00        14
<rm-6/><rpEndSub/>       0.00      0.00      0.00         5
<rm-5/><rpEndDel/>       0.00      0.00      0.00         1
<rm-8/><rpEndSub/>       0.00      0.00      0.00         2
<rm-7/><rpEndDel/>       0.00      0.00      0.00         0
<rm-7/><rpEndSub/>       0.00      0.00      0.00         3
<rm-6/><rpEndDel/>       0.00      0.00      0.00         1
<rm-8/><rpEndDel/>       0.00      0.00      0.00         2

       avg / total       0.91      0.93      0.91     48475

                    precision    recall  f1-score   support

              <f/>       0.94      0.99      0.96     40501
              <e/>       0.90      0.85      0.87      3894
<rm-1/><rpEndSub/>       0.80      0.60      0.68       744
       <rpEndSub/>       0.74      0.07      0.13       569
          <rpMid/>       1.00      0.00      0.00       512
   <rm-2/><rpMid/>       0.75      0.18      0.30       228
<rm-2/><rpEndSub/>       0.69      0.49      0.58       164
   <rm-1/><rpMid/>       0.00      0.00      0.00       111
   <rm-3/><rpMid/>       0.61      0.10      0.17       110
<rm-3/><rpEndSub/>       0.64      0.29      0.40        62
   <rm-4/><rpMid/>       0.00      0.00      0.00        57
<rm-1/><rpEndDel/>       0.00      0.00      0.00        44
   <rm-5/><rpMid/>       0.00      0.00      0.00        33
<rm-4/><rpEndSub/>       0.00      0.00      0.00        23
<rm-2/><rpEndDel/>       0.00      0.00      0.00        23
   <rm-6/><rpMid/>       0.00      0.00      0.00        18
<rm-3/><rpEndDel/>       0.00      0.00      0.00        14
   <rm-7/><rpMid/>       0.00      0.00      0.00        11
<rm-5/><rpEndSub/>       0.00      0.00      0.00         9
<rm-4/><rpEndDel/>       0.00      0.00      0.00         3
   <rm-8/><rpMid/>       0.00      0.00      0.00        14
<rm-6/><rpEndSub/>       0.00      0.00      0.00         4
<rm-5/><rpEndDel/>       0.00      0.00      0.00         1
<rm-8/><rpEndSub/>       0.00      0.00      0.00         1
<rm-7/><rpEndDel/>       0.00      0.00      0.00         0
<rm-7/><rpEndSub/>       0.00      0.00      0.00         4
<rm-6/><rpEndDel/>       0.00      0.00      0.00         0
<rm-8/><rpEndDel/>       0.00      0.00      0.00         0

       avg / total       0.92      0.93      0.92     47154

%%%%%%%%%%
6
                    precision    recall  f1-score   support

              <f/>       0.94      0.99      0.96     41151
              <e/>       0.95      0.81      0.88      4040
<rm-1/><rpEndSub/>       0.80      0.70      0.75       916
       <rpEndSub/>       0.54      0.10      0.18       610
          <rpMid/>       0.20      0.01      0.02       701
   <rm-2/><rpMid/>       0.68      0.22      0.34       224
<rm-2/><rpEndSub/>       0.73      0.55      0.63       223
   <rm-1/><rpMid/>       0.00      0.00      0.00       131
   <rm-3/><rpMid/>       0.52      0.10      0.16       123
<rm-3/><rpEndSub/>       0.51      0.34      0.41        59
   <rm-4/><rpMid/>       0.42      0.08      0.14        62
<rm-1/><rpEndDel/>       0.00      0.00      0.00        52
   <rm-5/><rpMid/>       0.00      0.00      0.00        33
<rm-4/><rpEndSub/>       0.00      0.00      0.00        24
<rm-2/><rpEndDel/>       0.00      0.00      0.00        21
   <rm-6/><rpMid/>       0.00      0.00      0.00        24
<rm-3/><rpEndDel/>       0.00      0.00      0.00        15
   <rm-7/><rpMid/>       0.00      0.00      0.00        14
<rm-5/><rpEndSub/>       0.00      0.00      0.00        15
<rm-4/><rpEndDel/>       0.00      0.00      0.00         9
   <rm-8/><rpMid/>       0.00      0.00      0.00        14
<rm-6/><rpEndSub/>       0.00      0.00      0.00         5
<rm-5/><rpEndDel/>       0.00      0.00      0.00         1
<rm-8/><rpEndSub/>       0.00      0.00      0.00         2
<rm-7/><rpEndDel/>       0.00      0.00      0.00         0
<rm-7/><rpEndSub/>       0.00      0.00      0.00         3
<rm-6/><rpEndDel/>       0.00      0.00      0.00         1
<rm-8/><rpEndDel/>       0.00      0.00      0.00         2

       avg / total       0.91      0.93      0.91     48475

                    precision    recall  f1-score   support

              <f/>       0.94      0.99      0.96     40501
              <e/>       0.94      0.77      0.85      3894
<rm-1/><rpEndSub/>       0.81      0.64      0.72       744
       <rpEndSub/>       0.59      0.13      0.22       569
          <rpMid/>       0.33      0.02      0.04       512
   <rm-2/><rpMid/>       0.71      0.22      0.34       228
<rm-2/><rpEndSub/>       0.67      0.51      0.58       164
   <rm-1/><rpMid/>       0.00      0.00      0.00       111
   <rm-3/><rpMid/>       0.55      0.11      0.18       110
<rm-3/><rpEndSub/>       0.67      0.23      0.34        62
   <rm-4/><rpMid/>       0.29      0.04      0.06        57
<rm-1/><rpEndDel/>       0.00      0.00      0.00        44
   <rm-5/><rpMid/>       0.00      0.00      0.00        33
<rm-4/><rpEndSub/>       0.00      0.00      0.00        23
<rm-2/><rpEndDel/>       0.00      0.00      0.00        23
   <rm-6/><rpMid/>       0.00      0.00      0.00        18
<rm-3/><rpEndDel/>       0.00      0.00      0.00        14
   <rm-7/><rpMid/>       0.00      0.00      0.00        11
<rm-5/><rpEndSub/>       0.00      0.00      0.00         9
<rm-4/><rpEndDel/>       0.00      0.00      0.00         3
   <rm-8/><rpMid/>       0.00      0.00      0.00        14
<rm-6/><rpEndSub/>       0.00      0.00      0.00         4
<rm-5/><rpEndDel/>       0.00      0.00      0.00         1
<rm-8/><rpEndSub/>       0.00      0.00      0.00         1
<rm-7/><rpEndDel/>       0.00      0.00      0.00         0
<rm-7/><rpEndSub/>       0.00      0.00      0.00         4
<rm-6/><rpEndDel/>       0.00      0.00      0.00         0
<rm-8/><rpEndDel/>       0.00      0.00      0.00         0

       avg / total       0.91      0.93      0.92     47154

%%%%%%%%%%
7
                    precision    recall  f1-score   support

              <f/>       0.94      0.99      0.97     41151
              <e/>       0.93      0.86      0.89      4040
<rm-1/><rpEndSub/>       0.83      0.74      0.78       916
       <rpEndSub/>       0.62      0.11      0.19       610
          <rpMid/>       0.20      0.01      0.03       701
   <rm-2/><rpMid/>       0.67      0.25      0.36       224
<rm-2/><rpEndSub/>       0.77      0.60      0.67       223
   <rm-1/><rpMid/>       0.00      0.00      0.00       131
   <rm-3/><rpMid/>       0.58      0.15      0.23       123
<rm-3/><rpEndSub/>       0.61      0.32      0.42        59
   <rm-4/><rpMid/>       0.17      0.05      0.08        62
<rm-1/><rpEndDel/>       0.00      0.00      0.00        52
   <rm-5/><rpMid/>       0.00      0.00      0.00        33
<rm-4/><rpEndSub/>       0.00      0.00      0.00        24
<rm-2/><rpEndDel/>       0.00      0.00      0.00        21
   <rm-6/><rpMid/>       0.00      0.00      0.00        24
<rm-3/><rpEndDel/>       0.00      0.00      0.00        15
   <rm-7/><rpMid/>       0.00      0.00      0.00        14
<rm-5/><rpEndSub/>       0.00      0.00      0.00        15
<rm-4/><rpEndDel/>       0.00      0.00      0.00         9
   <rm-8/><rpMid/>       0.00      0.00      0.00        14
<rm-6/><rpEndSub/>       0.00      0.00      0.00         5
<rm-5/><rpEndDel/>       0.00      0.00      0.00         1
<rm-8/><rpEndSub/>       0.00      0.00      0.00         2
<rm-7/><rpEndDel/>       0.00      0.00      0.00         0
<rm-7/><rpEndSub/>       0.00      0.00      0.00         3
<rm-6/><rpEndDel/>       0.00      0.00      0.00         1
<rm-8/><rpEndDel/>       0.00      0.00      0.00         2

       avg / total       0.91      0.93      0.92     48475

                    precision    recall  f1-score   support

              <f/>       0.94      0.99      0.97     40501
              <e/>       0.91      0.82      0.86      3894
<rm-1/><rpEndSub/>       0.82      0.66      0.73       744
       <rpEndSub/>       0.58      0.11      0.18       569
          <rpMid/>       0.43      0.03      0.06       512
   <rm-2/><rpMid/>       0.73      0.25      0.37       228
<rm-2/><rpEndSub/>       0.71      0.55      0.62       164
   <rm-1/><rpMid/>       0.00      0.00      0.00       111
   <rm-3/><rpMid/>       0.50      0.15      0.23       110
<rm-3/><rpEndSub/>       0.67      0.16      0.26        62
   <rm-4/><rpMid/>       0.45      0.09      0.15        57
<rm-1/><rpEndDel/>       0.00      0.00      0.00        44
   <rm-5/><rpMid/>       0.00      0.00      0.00        33
<rm-4/><rpEndSub/>       0.00      0.00      0.00        23
<rm-2/><rpEndDel/>       0.00      0.00      0.00        23
   <rm-6/><rpMid/>       0.00      0.00      0.00        18
<rm-3/><rpEndDel/>       0.00      0.00      0.00        14
   <rm-7/><rpMid/>       0.00      0.00      0.00        11
<rm-5/><rpEndSub/>       0.00      0.00      0.00         9
<rm-4/><rpEndDel/>       0.00      0.00      0.00         3
   <rm-8/><rpMid/>       0.00      0.00      0.00        14
<rm-6/><rpEndSub/>       0.00      0.00      0.00         4
<rm-5/><rpEndDel/>       0.00      0.00      0.00         1
<rm-8/><rpEndSub/>       0.00      0.00      0.00         1
<rm-7/><rpEndDel/>       0.00      0.00      0.00         0
<rm-7/><rpEndSub/>       0.00      0.00      0.00         4
<rm-6/><rpEndDel/>       0.00      0.00      0.00         0
<rm-8/><rpEndDel/>       0.00      0.00      0.00         0

       avg / total       0.92      0.93      0.92     47154

%%%%%%%%%%
8
                    precision    recall  f1-score   support

              <f/>       0.95      0.99      0.97     41151
              <e/>       0.88      0.91      0.89      4040
<rm-1/><rpEndSub/>       0.82      0.76      0.79       916
       <rpEndSub/>       0.55      0.15      0.23       610
          <rpMid/>       0.27      0.02      0.03       701
   <rm-2/><rpMid/>       0.64      0.29      0.40       224
<rm-2/><rpEndSub/>       0.77      0.64      0.70       223
   <rm-1/><rpMid/>       0.60      0.02      0.04       131
   <rm-3/><rpMid/>       0.55      0.14      0.22       123
<rm-3/><rpEndSub/>       0.46      0.32      0.38        59
   <rm-4/><rpMid/>       0.29      0.06      0.11        62
<rm-1/><rpEndDel/>       0.00      0.00      0.00        52
   <rm-5/><rpMid/>       0.00      0.00      0.00        33
<rm-4/><rpEndSub/>       0.00      0.00      0.00        24
<rm-2/><rpEndDel/>       0.00      0.00      0.00        21
   <rm-6/><rpMid/>       0.00      0.00      0.00        24
<rm-3/><rpEndDel/>       0.00      0.00      0.00        15
   <rm-7/><rpMid/>       0.00      0.00      0.00        14
<rm-5/><rpEndSub/>       0.00      0.00      0.00        15
<rm-4/><rpEndDel/>       0.00      0.00      0.00         9
   <rm-8/><rpMid/>       0.00      0.00      0.00        14
<rm-6/><rpEndSub/>       0.00      0.00      0.00         5
<rm-5/><rpEndDel/>       0.00      0.00      0.00         1
<rm-8/><rpEndSub/>       0.00      0.00      0.00         2
<rm-7/><rpEndDel/>       0.00      0.00      0.00         0
<rm-7/><rpEndSub/>       0.00      0.00      0.00         3
<rm-6/><rpEndDel/>       0.00      0.00      0.00         1
<rm-8/><rpEndDel/>       0.00      0.00      0.00         2

       avg / total       0.91      0.93      0.92     48475

                    precision    recall  f1-score   support

              <f/>       0.95      0.98      0.97     40501
              <e/>       0.86      0.89      0.87      3894
<rm-1/><rpEndSub/>       0.82      0.72      0.77       744
       <rpEndSub/>       0.57      0.15      0.24       569
          <rpMid/>       0.41      0.04      0.06       512
   <rm-2/><rpMid/>       0.76      0.29      0.41       228
<rm-2/><rpEndSub/>       0.70      0.62      0.65       164
   <rm-1/><rpMid/>       0.00      0.00      0.00       111
   <rm-3/><rpMid/>       0.52      0.15      0.24       110
<rm-3/><rpEndSub/>       0.65      0.27      0.39        62
   <rm-4/><rpMid/>       0.45      0.09      0.15        57
<rm-1/><rpEndDel/>       0.00      0.00      0.00        44
   <rm-5/><rpMid/>       0.00      0.00      0.00        33
<rm-4/><rpEndSub/>       0.00      0.00      0.00        23
<rm-2/><rpEndDel/>       0.00      0.00      0.00        23
   <rm-6/><rpMid/>       0.00      0.00      0.00        18
<rm-3/><rpEndDel/>       0.00      0.00      0.00        14
   <rm-7/><rpMid/>       0.00      0.00      0.00        11
<rm-5/><rpEndSub/>       0.00      0.00      0.00         9
<rm-4/><rpEndDel/>       0.00      0.00      0.00         3
   <rm-8/><rpMid/>       0.00      0.00      0.00        14
<rm-6/><rpEndSub/>       0.00      0.00      0.00         4
<rm-5/><rpEndDel/>       0.00      0.00      0.00         1
<rm-8/><rpEndSub/>       0.00      0.00      0.00         1
<rm-7/><rpEndDel/>       0.00      0.00      0.00         0
<rm-7/><rpEndSub/>       0.00      0.00      0.00         4
<rm-6/><rpEndDel/>       0.00      0.00      0.00         0
<rm-8/><rpEndDel/>       0.00      0.00      0.00         0

       avg / total       0.92      0.94      0.92     47154

%%%%%%%%%%
9
                    precision    recall  f1-score   support

              <f/>       0.95      0.99      0.97     41151
              <e/>       0.88      0.91      0.90      4040
<rm-1/><rpEndSub/>       0.84      0.79      0.81       916
       <rpEndSub/>       0.65      0.13      0.22       610
          <rpMid/>       0.26      0.05      0.08       701
   <rm-2/><rpMid/>       0.67      0.28      0.40       224
<rm-2/><rpEndSub/>       0.67      0.69      0.68       223
   <rm-1/><rpMid/>       0.60      0.02      0.04       131
   <rm-3/><rpMid/>       0.73      0.13      0.22       123
<rm-3/><rpEndSub/>       0.55      0.37      0.44        59
   <rm-4/><rpMid/>       0.31      0.08      0.13        62
<rm-1/><rpEndDel/>       0.00      0.00      0.00        52
   <rm-5/><rpMid/>       0.00      0.00      0.00        33
<rm-4/><rpEndSub/>       0.50      0.04      0.08        24
<rm-2/><rpEndDel/>       0.00      0.00      0.00        21
   <rm-6/><rpMid/>       0.00      0.00      0.00        24
<rm-3/><rpEndDel/>       0.00      0.00      0.00        15
   <rm-7/><rpMid/>       0.00      0.00      0.00        14
<rm-5/><rpEndSub/>       0.00      0.00      0.00        15
<rm-4/><rpEndDel/>       0.00      0.00      0.00         9
   <rm-8/><rpMid/>       0.00      0.00      0.00        14
<rm-6/><rpEndSub/>       0.00      0.00      0.00         5
<rm-5/><rpEndDel/>       0.00      0.00      0.00         1
<rm-8/><rpEndSub/>       0.00      0.00      0.00         2
<rm-7/><rpEndDel/>       0.00      0.00      0.00         0
<rm-7/><rpEndSub/>       0.00      0.00      0.00         3
<rm-6/><rpEndDel/>       0.00      0.00      0.00         1
<rm-8/><rpEndDel/>       0.00      0.00      0.00         2

       avg / total       0.92      0.94      0.92     48475

                    precision    recall  f1-score   support

              <f/>       0.95      0.98      0.97     40501
              <e/>       0.87      0.87      0.87      3894
<rm-1/><rpEndSub/>       0.83      0.73      0.78       744
       <rpEndSub/>       0.62      0.14      0.23       569
          <rpMid/>       0.24      0.05      0.09       512
   <rm-2/><rpMid/>       0.75      0.31      0.44       228
<rm-2/><rpEndSub/>       0.63      0.68      0.65       164
   <rm-1/><rpMid/>       0.00      0.00      0.00       111
   <rm-3/><rpMid/>       0.55      0.10      0.17       110
<rm-3/><rpEndSub/>       0.68      0.31      0.42        62
   <rm-4/><rpMid/>       0.40      0.07      0.12        57
<rm-1/><rpEndDel/>       0.00      0.00      0.00        44
   <rm-5/><rpMid/>       0.00      0.00      0.00        33
<rm-4/><rpEndSub/>       1.00      0.04      0.08        23
<rm-2/><rpEndDel/>       0.00      0.00      0.00        23
   <rm-6/><rpMid/>       0.00      0.00      0.00        18
<rm-3/><rpEndDel/>       0.00      0.00      0.00        14
   <rm-7/><rpMid/>       0.00      0.00      0.00        11
<rm-5/><rpEndSub/>       0.00      0.00      0.00         9
<rm-4/><rpEndDel/>       0.00      0.00      0.00         3
   <rm-8/><rpMid/>       0.00      0.00      0.00        14
<rm-6/><rpEndSub/>       0.00      0.00      0.00         4
<rm-5/><rpEndDel/>       0.00      0.00      0.00         1
<rm-8/><rpEndSub/>       0.00      0.00      0.00         1
<rm-7/><rpEndDel/>       0.00      0.00      0.00         0
<rm-7/><rpEndSub/>       0.00      0.00      0.00         4
<rm-6/><rpEndDel/>       0.00      0.00      0.00         0
<rm-8/><rpEndDel/>       0.00      0.00      0.00         0

       avg / total       0.92      0.94      0.92     47154

%%%%%%%%%%
10
                    precision    recall  f1-score   support

              <f/>       0.95      0.98      0.97     41151
              <e/>       0.92      0.88      0.90      4040
<rm-1/><rpEndSub/>       0.80      0.84      0.82       916
       <rpEndSub/>       0.35      0.28      0.31       610
          <rpMid/>       0.20      0.07      0.11       701
   <rm-2/><rpMid/>       0.55      0.37      0.44       224
<rm-2/><rpEndSub/>       0.62      0.69      0.65       223
   <rm-1/><rpMid/>       0.50      0.02      0.03       131
   <rm-3/><rpMid/>       0.59      0.20      0.29       123
<rm-3/><rpEndSub/>       0.55      0.46      0.50        59
   <rm-4/><rpMid/>       0.34      0.16      0.22        62
<rm-1/><rpEndDel/>       0.00      0.00      0.00        52
   <rm-5/><rpMid/>       0.25      0.03      0.05        33
<rm-4/><rpEndSub/>       0.50      0.04      0.08        24
<rm-2/><rpEndDel/>       0.00      0.00      0.00        21
   <rm-6/><rpMid/>       0.00      0.00      0.00        24
<rm-3/><rpEndDel/>       0.00      0.00      0.00        15
   <rm-7/><rpMid/>       0.00      0.00      0.00        14
<rm-5/><rpEndSub/>       0.00      0.00      0.00        15
<rm-4/><rpEndDel/>       0.00      0.00      0.00         9
   <rm-8/><rpMid/>       0.00      0.00      0.00        14
<rm-6/><rpEndSub/>       0.00      0.00      0.00         5
<rm-5/><rpEndDel/>       0.00      0.00      0.00         1
<rm-8/><rpEndSub/>       0.00      0.00      0.00         2
<rm-7/><rpEndDel/>       0.00      0.00      0.00         0
<rm-7/><rpEndSub/>       0.00      0.00      0.00         3
<rm-6/><rpEndDel/>       0.00      0.00      0.00         1
<rm-8/><rpEndDel/>       0.00      0.00      0.00         2

       avg / total       0.92      0.93      0.92     48475

                    precision    recall  f1-score   support

              <f/>       0.95      0.98      0.97     40501
              <e/>       0.91      0.85      0.88      3894
<rm-1/><rpEndSub/>       0.79      0.80      0.80       744
       <rpEndSub/>       0.34      0.25      0.29       569
          <rpMid/>       0.22      0.09      0.13       512
   <rm-2/><rpMid/>       0.66      0.41      0.51       228
<rm-2/><rpEndSub/>       0.64      0.68      0.66       164
   <rm-1/><rpMid/>       0.00      0.00      0.00       111
   <rm-3/><rpMid/>       0.55      0.19      0.28       110
<rm-3/><rpEndSub/>       0.66      0.34      0.45        62
   <rm-4/><rpMid/>       0.35      0.16      0.22        57
<rm-1/><rpEndDel/>       0.00      0.00      0.00        44
   <rm-5/><rpMid/>       0.00      0.00      0.00        33
<rm-4/><rpEndSub/>       0.00      0.00      0.00        23
<rm-2/><rpEndDel/>       0.00      0.00      0.00        23
   <rm-6/><rpMid/>       0.00      0.00      0.00        18
<rm-3/><rpEndDel/>       0.00      0.00      0.00        14
   <rm-7/><rpMid/>       0.00      0.00      0.00        11
<rm-5/><rpEndSub/>       0.00      0.00      0.00         9
<rm-4/><rpEndDel/>       0.00      0.00      0.00         3
   <rm-8/><rpMid/>       0.00      0.00      0.00        14
<rm-6/><rpEndSub/>       0.00      0.00      0.00         4
<rm-5/><rpEndDel/>       0.00      0.00      0.00         1
<rm-8/><rpEndSub/>       0.00      0.00      0.00         1
<rm-7/><rpEndDel/>       0.00      0.00      0.00         0
<rm-7/><rpEndSub/>       0.00      0.00      0.00         4
<rm-6/><rpEndDel/>       0.00      0.00      0.00         0
<rm-8/><rpEndDel/>       0.00      0.00      0.00         0

       avg / total       0.92      0.94      0.93     47154

%%%%%%%%%%
11
                    precision    recall  f1-score   support

              <f/>       0.96      0.95      0.95     41151
              <e/>       0.88      0.89      0.88      4040
<rm-1/><rpEndSub/>       0.79      0.83      0.81       916
       <rpEndSub/>       0.30      0.23      0.26       610
          <rpMid/>       0.10      0.24      0.14       701
   <rm-2/><rpMid/>       0.64      0.31      0.42       224
<rm-2/><rpEndSub/>       0.72      0.65      0.68       223
   <rm-1/><rpMid/>       0.50      0.02      0.03       131
   <rm-3/><rpMid/>       0.53      0.19      0.28       123
<rm-3/><rpEndSub/>       0.48      0.56      0.52        59
   <rm-4/><rpMid/>       0.27      0.26      0.26        62
<rm-1/><rpEndDel/>       0.00      0.00      0.00        52
   <rm-5/><rpMid/>       0.00      0.00      0.00        33
<rm-4/><rpEndSub/>       1.00      0.04      0.08        24
<rm-2/><rpEndDel/>       0.00      0.00      0.00        21
   <rm-6/><rpMid/>       0.00      0.00      0.00        24
<rm-3/><rpEndDel/>       0.00      0.00      0.00        15
   <rm-7/><rpMid/>       0.00      0.00      0.00        14
<rm-5/><rpEndSub/>       0.00      0.00      0.00        15
<rm-4/><rpEndDel/>       0.00      0.00      0.00         9
   <rm-8/><rpMid/>       0.00      0.00      0.00        14
<rm-6/><rpEndSub/>       0.00      0.00      0.00         5
<rm-5/><rpEndDel/>       0.00      0.00      0.00         1
<rm-8/><rpEndSub/>       0.00      0.00      0.00         2
<rm-7/><rpEndDel/>       0.00      0.00      0.00         0
<rm-7/><rpEndSub/>       0.00      0.00      0.00         3
<rm-6/><rpEndDel/>       0.00      0.00      0.00         1
<rm-8/><rpEndDel/>       0.00      0.00      0.00         2

       avg / total       0.91      0.91      0.91     48475

                    precision    recall  f1-score   support

              <f/>       0.95      0.95      0.95     40501
              <e/>       0.87      0.86      0.86      3894
<rm-1/><rpEndSub/>       0.79      0.79      0.79       744
       <rpEndSub/>       0.33      0.22      0.26       569
          <rpMid/>       0.07      0.21      0.11       512
   <rm-2/><rpMid/>       0.71      0.33      0.45       228
<rm-2/><rpEndSub/>       0.72      0.62      0.67       164
   <rm-1/><rpMid/>       0.00      0.00      0.00       111
   <rm-3/><rpMid/>       0.37      0.17      0.23       110
<rm-3/><rpEndSub/>       0.49      0.37      0.42        62
   <rm-4/><rpMid/>       0.17      0.18      0.17        57
<rm-1/><rpEndDel/>       0.00      0.00      0.00        44
   <rm-5/><rpMid/>       0.00      0.00      0.00        33
<rm-4/><rpEndSub/>       0.00      0.00      0.00        23
<rm-2/><rpEndDel/>       0.00      0.00      0.00        23
   <rm-6/><rpMid/>       0.00      0.00      0.00        18
<rm-3/><rpEndDel/>       0.00      0.00      0.00        14
   <rm-7/><rpMid/>       0.00      0.00      0.00        11
<rm-5/><rpEndSub/>       0.00      0.00      0.00         9
<rm-4/><rpEndDel/>       0.00      0.00      0.00         3
   <rm-8/><rpMid/>       0.00      0.00      0.00        14
<rm-6/><rpEndSub/>       0.00      0.00      0.00         4
<rm-5/><rpEndDel/>       0.00      0.00      0.00         1
<rm-8/><rpEndSub/>       0.00      0.00      0.00         1
<rm-7/><rpEndDel/>       0.00      0.00      0.00         0
<rm-7/><rpEndSub/>       0.00      0.00      0.00         4
<rm-6/><rpEndDel/>       0.00      0.00      0.00         0
<rm-8/><rpEndDel/>       0.00      0.00      0.00         0

       avg / total       0.92      0.91      0.91     47154

%%%%%%%%%%
12
                    precision    recall  f1-score   support

              <f/>       0.95      0.97      0.96     41151
              <e/>       0.91      0.88      0.90      4040
<rm-1/><rpEndSub/>       0.80      0.86      0.83       916
       <rpEndSub/>       0.33      0.28      0.30       610
          <rpMid/>       0.14      0.12      0.13       701
   <rm-2/><rpMid/>       0.59      0.35      0.44       224
<rm-2/><rpEndSub/>       0.63      0.71      0.67       223
   <rm-1/><rpMid/>       0.57      0.03      0.06       131
   <rm-3/><rpMid/>       0.51      0.15      0.23       123
<rm-3/><rpEndSub/>       0.45      0.51      0.48        59
   <rm-4/><rpMid/>       0.37      0.21      0.27        62
<rm-1/><rpEndDel/>       0.00      0.00      0.00        52
   <rm-5/><rpMid/>       0.00      0.00      0.00        33
<rm-4/><rpEndSub/>       0.50      0.08      0.14        24
<rm-2/><rpEndDel/>       0.00      0.00      0.00        21
   <rm-6/><rpMid/>       0.00      0.00      0.00        24
<rm-3/><rpEndDel/>       0.00      0.00      0.00        15
   <rm-7/><rpMid/>       0.00      0.00      0.00        14
<rm-5/><rpEndSub/>       0.00      0.00      0.00        15
<rm-4/><rpEndDel/>       0.00      0.00      0.00         9
   <rm-8/><rpMid/>       0.00      0.00      0.00        14
<rm-6/><rpEndSub/>       0.00      0.00      0.00         5
<rm-5/><rpEndDel/>       0.00      0.00      0.00         1
<rm-8/><rpEndSub/>       0.00      0.00      0.00         2
<rm-7/><rpEndDel/>       0.00      0.00      0.00         0
<rm-7/><rpEndSub/>       0.00      0.00      0.00         3
<rm-6/><rpEndDel/>       0.00      0.00      0.00         1
<rm-8/><rpEndDel/>       0.00      0.00      0.00         2

       avg / total       0.92      0.93      0.92     48475

                    precision    recall  f1-score   support

              <f/>       0.96      0.98      0.97     40501
              <e/>       0.90      0.86      0.88      3894
<rm-1/><rpEndSub/>       0.79      0.83      0.81       744
       <rpEndSub/>       0.35      0.27      0.30       569
          <rpMid/>       0.16      0.13      0.14       512
   <rm-2/><rpMid/>       0.67      0.41      0.51       228
<rm-2/><rpEndSub/>       0.61      0.72      0.66       164
   <rm-1/><rpMid/>       0.17      0.01      0.02       111
   <rm-3/><rpMid/>       0.49      0.17      0.26       110
<rm-3/><rpEndSub/>       0.52      0.39      0.44        62
   <rm-4/><rpMid/>       0.31      0.16      0.21        57
<rm-1/><rpEndDel/>       0.00      0.00      0.00        44
   <rm-5/><rpMid/>       0.00      0.00      0.00        33
<rm-4/><rpEndSub/>       0.00      0.00      0.00        23
<rm-2/><rpEndDel/>       0.00      0.00      0.00        23
   <rm-6/><rpMid/>       0.00      0.00      0.00        18
<rm-3/><rpEndDel/>       0.00      0.00      0.00        14
   <rm-7/><rpMid/>       0.00      0.00      0.00        11
<rm-5/><rpEndSub/>       0.00      0.00      0.00         9
<rm-4/><rpEndDel/>       0.00      0.00      0.00         3
   <rm-8/><rpMid/>       0.00      0.00      0.00        14
<rm-6/><rpEndSub/>       0.00      0.00      0.00         4
<rm-5/><rpEndDel/>       0.00      0.00      0.00         1
<rm-8/><rpEndSub/>       0.00      0.00      0.00         1
<rm-7/><rpEndDel/>       0.00      0.00      0.00         0
<rm-7/><rpEndSub/>       0.00      0.00      0.00         4
<rm-6/><rpEndDel/>       0.00      0.00      0.00         0
<rm-8/><rpEndDel/>       0.00      0.00      0.00         0

       avg / total       0.92      0.93      0.93     47154

%%%%%%%%%%
13
                    precision    recall  f1-score   support

              <f/>       0.94      0.99      0.97     41151
              <e/>       0.94      0.85      0.89      4040
<rm-1/><rpEndSub/>       0.85      0.81      0.83       916
       <rpEndSub/>       0.62      0.14      0.23       610
          <rpMid/>       0.43      0.03      0.05       701
   <rm-2/><rpMid/>       0.76      0.28      0.41       224
<rm-2/><rpEndSub/>       0.81      0.64      0.72       223
   <rm-1/><rpMid/>       0.50      0.01      0.02       131
   <rm-3/><rpMid/>       0.72      0.11      0.18       123
<rm-3/><rpEndSub/>       0.65      0.41      0.50        59
   <rm-4/><rpMid/>       0.41      0.18      0.25        62
<rm-1/><rpEndDel/>       0.00      0.00      0.00        52
   <rm-5/><rpMid/>       0.00      0.00      0.00        33
<rm-4/><rpEndSub/>       0.75      0.12      0.21        24
<rm-2/><rpEndDel/>       0.00      0.00      0.00        21
   <rm-6/><rpMid/>       0.00      0.00      0.00        24
<rm-3/><rpEndDel/>       0.00      0.00      0.00        15
   <rm-7/><rpMid/>       0.00      0.00      0.00        14
<rm-5/><rpEndSub/>       0.00      0.00      0.00        15
<rm-4/><rpEndDel/>       0.00      0.00      0.00         9
   <rm-8/><rpMid/>       0.00      0.00      0.00        14
<rm-6/><rpEndSub/>       0.00      0.00      0.00         5
<rm-5/><rpEndDel/>       0.00      0.00      0.00         1
<rm-8/><rpEndSub/>       0.00      0.00      0.00         2
<rm-7/><rpEndDel/>       0.00      0.00      0.00         0
<rm-7/><rpEndSub/>       0.00      0.00      0.00         3
<rm-6/><rpEndDel/>       0.00      0.00      0.00         1
<rm-8/><rpEndDel/>       0.00      0.00      0.00         2

       avg / total       0.92      0.94      0.92     48475

                    precision    recall  f1-score   support

              <f/>       0.94      0.99      0.97     40501
              <e/>       0.93      0.81      0.86      3894
<rm-1/><rpEndSub/>       0.84      0.76      0.80       744
       <rpEndSub/>       0.62      0.14      0.23       569
          <rpMid/>       0.47      0.04      0.08       512
   <rm-2/><rpMid/>       0.79      0.27      0.40       228
<rm-2/><rpEndSub/>       0.82      0.59      0.69       164
   <rm-1/><rpMid/>       0.00      0.00      0.00       111
   <rm-3/><rpMid/>       0.55      0.15      0.23       110
<rm-3/><rpEndSub/>       0.77      0.27      0.40        62
   <rm-4/><rpMid/>       0.38      0.16      0.22        57
<rm-1/><rpEndDel/>       0.00      0.00      0.00        44
   <rm-5/><rpMid/>       0.00      0.00      0.00        33
<rm-4/><rpEndSub/>       1.00      0.04      0.08        23
<rm-2/><rpEndDel/>       0.00      0.00      0.00        23
   <rm-6/><rpMid/>       0.00      0.00      0.00        18
<rm-3/><rpEndDel/>       0.00      0.00      0.00        14
   <rm-7/><rpMid/>       0.00      0.00      0.00        11
<rm-5/><rpEndSub/>       0.00      0.00      0.00         9
<rm-4/><rpEndDel/>       0.00      0.00      0.00         3
   <rm-8/><rpMid/>       0.00      0.00      0.00        14
<rm-6/><rpEndSub/>       0.00      0.00      0.00         4
<rm-5/><rpEndDel/>       0.00      0.00      0.00         1
<rm-8/><rpEndSub/>       0.00      0.00      0.00         1
<rm-7/><rpEndDel/>       0.00      0.00      0.00         0
<rm-7/><rpEndSub/>       0.00      0.00      0.00         4
<rm-6/><rpEndDel/>       0.00      0.00      0.00         0
<rm-8/><rpEndDel/>       0.00      0.00      0.00         0

       avg / total       0.92      0.94      0.92     47154

%%%%%%%%%%
14
                    precision    recall  f1-score   support

              <f/>       0.95      0.99      0.97     41151
              <e/>       0.91      0.90      0.90      4040
<rm-1/><rpEndSub/>       0.85      0.82      0.83       916
       <rpEndSub/>       0.66      0.16      0.26       610
          <rpMid/>       0.30      0.03      0.05       701
   <rm-2/><rpMid/>       0.69      0.33      0.45       224
<rm-2/><rpEndSub/>       0.78      0.64      0.70       223
   <rm-1/><rpMid/>       0.67      0.02      0.03       131
   <rm-3/><rpMid/>       0.63      0.18      0.28       123
<rm-3/><rpEndSub/>       0.68      0.47      0.56        59
   <rm-4/><rpMid/>       0.50      0.16      0.24        62
<rm-1/><rpEndDel/>       0.00      0.00      0.00        52
   <rm-5/><rpMid/>       0.00      0.00      0.00        33
<rm-4/><rpEndSub/>       1.00      0.08      0.15        24
<rm-2/><rpEndDel/>       0.00      0.00      0.00        21
   <rm-6/><rpMid/>       0.00      0.00      0.00        24
<rm-3/><rpEndDel/>       0.00      0.00      0.00        15
   <rm-7/><rpMid/>       0.00      0.00      0.00        14
<rm-5/><rpEndSub/>       0.00      0.00      0.00        15
<rm-4/><rpEndDel/>       0.00      0.00      0.00         9
   <rm-8/><rpMid/>       0.00      0.00      0.00        14
<rm-6/><rpEndSub/>       0.00      0.00      0.00         5
<rm-5/><rpEndDel/>       0.00      0.00      0.00         1
<rm-8/><rpEndSub/>       0.00      0.00      0.00         2
<rm-7/><rpEndDel/>       0.00      0.00      0.00         0
<rm-7/><rpEndSub/>       0.00      0.00      0.00         3
<rm-6/><rpEndDel/>       0.00      0.00      0.00         1
<rm-8/><rpEndDel/>       0.00      0.00      0.00         2

       avg / total       0.92      0.94      0.92     48475

                    precision    recall  f1-score   support

              <f/>       0.95      0.99      0.97     40501
              <e/>       0.89      0.85      0.87      3894
<rm-1/><rpEndSub/>       0.85      0.78      0.81       744
       <rpEndSub/>       0.65      0.14      0.22       569
          <rpMid/>       0.45      0.04      0.08       512
   <rm-2/><rpMid/>       0.76      0.34      0.47       228
<rm-2/><rpEndSub/>       0.77      0.57      0.66       164
   <rm-1/><rpMid/>       0.00      0.00      0.00       111
   <rm-3/><rpMid/>       0.53      0.17      0.26       110
<rm-3/><rpEndSub/>       0.75      0.34      0.47        62
   <rm-4/><rpMid/>       0.35      0.12      0.18        57
<rm-1/><rpEndDel/>       0.00      0.00      0.00        44
   <rm-5/><rpMid/>       0.00      0.00      0.00        33
<rm-4/><rpEndSub/>       1.00      0.04      0.08        23
<rm-2/><rpEndDel/>       0.00      0.00      0.00        23
   <rm-6/><rpMid/>       0.00      0.00      0.00        18
<rm-3/><rpEndDel/>       0.00      0.00      0.00        14
   <rm-7/><rpMid/>       0.00      0.00      0.00        11
<rm-5/><rpEndSub/>       0.00      0.00      0.00         9
<rm-4/><rpEndDel/>       0.00      0.00      0.00         3
   <rm-8/><rpMid/>       0.00      0.00      0.00        14
<rm-6/><rpEndSub/>       0.00      0.00      0.00         4
<rm-5/><rpEndDel/>       0.00      0.00      0.00         1
<rm-8/><rpEndSub/>       0.00      0.00      0.00         1
<rm-7/><rpEndDel/>       0.00      0.00      0.00         0
<rm-7/><rpEndSub/>       0.00      0.00      0.00         4
<rm-6/><rpEndDel/>       0.00      0.00      0.00         0
<rm-8/><rpEndDel/>       0.00      0.00      0.00         0

       avg / total       0.92      0.94      0.93     47154

%%%%%%%%%%
15
                    precision    recall  f1-score   support

              <f/>       0.95      0.99      0.97     41151
              <e/>       0.95      0.84      0.89      4040
<rm-1/><rpEndSub/>       0.80      0.85      0.83       916
       <rpEndSub/>       0.49      0.24      0.32       610
          <rpMid/>       0.22      0.08      0.12       701
   <rm-2/><rpMid/>       0.69      0.35      0.47       224
<rm-2/><rpEndSub/>       0.72      0.70      0.71       223
   <rm-1/><rpMid/>       0.50      0.01      0.02       131
   <rm-3/><rpMid/>       0.56      0.16      0.25       123
<rm-3/><rpEndSub/>       0.55      0.53      0.54        59
   <rm-4/><rpMid/>       0.52      0.19      0.28        62
<rm-1/><rpEndDel/>       0.00      0.00      0.00        52
   <rm-5/><rpMid/>       0.50      0.03      0.06        33
<rm-4/><rpEndSub/>       0.67      0.08      0.15        24
<rm-2/><rpEndDel/>       0.00      0.00      0.00        21
   <rm-6/><rpMid/>       0.00      0.00      0.00        24
<rm-3/><rpEndDel/>       0.00      0.00      0.00        15
   <rm-7/><rpMid/>       0.00      0.00      0.00        14
<rm-5/><rpEndSub/>       0.00      0.00      0.00        15
<rm-4/><rpEndDel/>       0.00      0.00      0.00         9
   <rm-8/><rpMid/>       0.00      0.00      0.00        14
<rm-6/><rpEndSub/>       0.00      0.00      0.00         5
<rm-5/><rpEndDel/>       0.00      0.00      0.00         1
<rm-8/><rpEndSub/>       0.00      0.00      0.00         2
<rm-7/><rpEndDel/>       0.00      0.00      0.00         0
<rm-7/><rpEndSub/>       0.00      0.00      0.00         3
<rm-6/><rpEndDel/>       0.00      0.00      0.00         1
<rm-8/><rpEndDel/>       0.00      0.00      0.00         2

       avg / total       0.92      0.93      0.92     48475

                    precision    recall  f1-score   support

              <f/>       0.95      0.99      0.97     40501
              <e/>       0.93      0.80      0.86      3894
<rm-1/><rpEndSub/>       0.80      0.82      0.81       744
       <rpEndSub/>       0.46      0.20      0.28       569
          <rpMid/>       0.20      0.09      0.12       512
   <rm-2/><rpMid/>       0.71      0.33      0.45       228
<rm-2/><rpEndSub/>       0.69      0.65      0.67       164
   <rm-1/><rpMid/>       0.50      0.01      0.02       111
   <rm-3/><rpMid/>       0.51      0.18      0.27       110
<rm-3/><rpEndSub/>       0.62      0.34      0.44        62
   <rm-4/><rpMid/>       0.43      0.11      0.17        57
<rm-1/><rpEndDel/>       0.00      0.00      0.00        44
   <rm-5/><rpMid/>       0.00      0.00      0.00        33
<rm-4/><rpEndSub/>       0.00      0.00      0.00        23
<rm-2/><rpEndDel/>       0.00      0.00      0.00        23
   <rm-6/><rpMid/>       0.00      0.00      0.00        18
<rm-3/><rpEndDel/>       0.00      0.00      0.00        14
   <rm-7/><rpMid/>       0.00      0.00      0.00        11
<rm-5/><rpEndSub/>       0.00      0.00      0.00         9
<rm-4/><rpEndDel/>       0.00      0.00      0.00         3
   <rm-8/><rpMid/>       0.00      0.00      0.00        14
<rm-6/><rpEndSub/>       0.00      0.00      0.00         4
<rm-5/><rpEndDel/>       0.00      0.00      0.00         1
<rm-8/><rpEndSub/>       0.00      0.00      0.00         1
<rm-7/><rpEndDel/>       0.00      0.00      0.00         0
<rm-7/><rpEndSub/>       0.00      0.00      0.00         4
<rm-6/><rpEndDel/>       0.00      0.00      0.00         0
<rm-8/><rpEndDel/>       0.00      0.00      0.00         0

       avg / total       0.92      0.93      0.92     47154

%%%%%%%%%%
16
                    precision    recall  f1-score   support

              <f/>       0.95      0.99      0.97     41151
              <e/>       0.92      0.87      0.90      4040
<rm-1/><rpEndSub/>       0.81      0.85      0.83       916
       <rpEndSub/>       0.56      0.20      0.29       610
          <rpMid/>       0.27      0.08      0.12       701
   <rm-2/><rpMid/>       0.62      0.37      0.46       224
<rm-2/><rpEndSub/>       0.76      0.67      0.71       223
   <rm-1/><rpMid/>       0.45      0.04      0.07       131
   <rm-3/><rpMid/>       0.69      0.20      0.30       123
<rm-3/><rpEndSub/>       0.54      0.54      0.54        59
   <rm-4/><rpMid/>       0.57      0.13      0.21        62
<rm-1/><rpEndDel/>       0.00      0.00      0.00        52
   <rm-5/><rpMid/>       0.00      0.00      0.00        33
<rm-4/><rpEndSub/>       0.60      0.12      0.21        24
<rm-2/><rpEndDel/>       0.00      0.00      0.00        21
   <rm-6/><rpMid/>       0.00      0.00      0.00        24
<rm-3/><rpEndDel/>       0.00      0.00      0.00        15
   <rm-7/><rpMid/>       0.00      0.00      0.00        14
<rm-5/><rpEndSub/>       0.00      0.00      0.00        15
<rm-4/><rpEndDel/>       0.00      0.00      0.00         9
   <rm-8/><rpMid/>       0.00      0.00      0.00        14
<rm-6/><rpEndSub/>       0.00      0.00      0.00         5
<rm-5/><rpEndDel/>       0.00      0.00      0.00         1
<rm-8/><rpEndSub/>       0.00      0.00      0.00         2
<rm-7/><rpEndDel/>       0.00      0.00      0.00         0
<rm-7/><rpEndSub/>       0.00      0.00      0.00         3
<rm-6/><rpEndDel/>       0.00      0.00      0.00         1
<rm-8/><rpEndDel/>       0.00      0.00      0.00         2

       avg / total       0.92      0.94      0.93     48475

                    precision    recall  f1-score   support

              <f/>       0.95      0.99      0.97     40501
              <e/>       0.91      0.84      0.87      3894
<rm-1/><rpEndSub/>       0.82      0.83      0.82       744
       <rpEndSub/>       0.55      0.20      0.29       569
          <rpMid/>       0.25      0.09      0.13       512
   <rm-2/><rpMid/>       0.71      0.41      0.52       228
<rm-2/><rpEndSub/>       0.73      0.62      0.67       164
   <rm-1/><rpMid/>       0.38      0.03      0.05       111
   <rm-3/><rpMid/>       0.52      0.15      0.24       110
<rm-3/><rpEndSub/>       0.63      0.47      0.54        62
   <rm-4/><rpMid/>       0.60      0.16      0.25        57
<rm-1/><rpEndDel/>       0.00      0.00      0.00        44
   <rm-5/><rpMid/>       0.00      0.00      0.00        33
<rm-4/><rpEndSub/>       0.38      0.13      0.19        23
<rm-2/><rpEndDel/>       0.00      0.00      0.00        23
   <rm-6/><rpMid/>       0.00      0.00      0.00        18
<rm-3/><rpEndDel/>       0.00      0.00      0.00        14
   <rm-7/><rpMid/>       0.00      0.00      0.00        11
<rm-5/><rpEndSub/>       0.00      0.00      0.00         9
<rm-4/><rpEndDel/>       0.00      0.00      0.00         3
   <rm-8/><rpMid/>       0.00      0.00      0.00        14
<rm-6/><rpEndSub/>       0.00      0.00      0.00         4
<rm-5/><rpEndDel/>       0.00      0.00      0.00         1
<rm-8/><rpEndSub/>       0.00      0.00      0.00         1
<rm-7/><rpEndDel/>       0.00      0.00      0.00         0
<rm-7/><rpEndSub/>       0.00      0.00      0.00         4
<rm-6/><rpEndDel/>       0.00      0.00      0.00         0
<rm-8/><rpEndDel/>       0.00      0.00      0.00         0

       avg / total       0.92      0.94      0.93     47154

%%%%%%%%%%
17
                    precision    recall  f1-score   support

              <f/>       0.95      0.99      0.97     41151
              <e/>       0.91      0.89      0.90      4040
<rm-1/><rpEndSub/>       0.85      0.82      0.84       916
       <rpEndSub/>       0.58      0.17      0.26       610
          <rpMid/>       0.34      0.04      0.07       701
   <rm-2/><rpMid/>       0.67      0.35      0.46       224
<rm-2/><rpEndSub/>       0.74      0.68      0.71       223
   <rm-1/><rpMid/>       0.45      0.04      0.07       131
   <rm-3/><rpMid/>       0.71      0.14      0.23       123
<rm-3/><rpEndSub/>       0.54      0.47      0.50        59
   <rm-4/><rpMid/>       0.43      0.10      0.16        62
<rm-1/><rpEndDel/>       0.00      0.00      0.00        52
   <rm-5/><rpMid/>       0.50      0.03      0.06        33
<rm-4/><rpEndSub/>       0.83      0.21      0.33        24
<rm-2/><rpEndDel/>       0.00      0.00      0.00        21
   <rm-6/><rpMid/>       0.00      0.00      0.00        24
<rm-3/><rpEndDel/>       0.00      0.00      0.00        15
   <rm-7/><rpMid/>       0.00      0.00      0.00        14
<rm-5/><rpEndSub/>       0.00      0.00      0.00        15
<rm-4/><rpEndDel/>       0.00      0.00      0.00         9
   <rm-8/><rpMid/>       0.00      0.00      0.00        14
<rm-6/><rpEndSub/>       0.00      0.00      0.00         5
<rm-5/><rpEndDel/>       0.00      0.00      0.00         1
<rm-8/><rpEndSub/>       0.00      0.00      0.00         2
<rm-7/><rpEndDel/>       0.00      0.00      0.00         0
<rm-7/><rpEndSub/>       0.00      0.00      0.00         3
<rm-6/><rpEndDel/>       0.00      0.00      0.00         1
<rm-8/><rpEndDel/>       0.00      0.00      0.00         2

       avg / total       0.92      0.94      0.92     48475

                    precision    recall  f1-score   support

              <f/>       0.95      0.99      0.97     40501
              <e/>       0.89      0.85      0.87      3894
<rm-1/><rpEndSub/>       0.85      0.76      0.81       744
       <rpEndSub/>       0.60      0.17      0.27       569
          <rpMid/>       0.34      0.04      0.07       512
   <rm-2/><rpMid/>       0.75      0.40      0.52       228
<rm-2/><rpEndSub/>       0.71      0.70      0.71       164
   <rm-1/><rpMid/>       0.29      0.02      0.03       111
   <rm-3/><rpMid/>       0.56      0.13      0.21       110
<rm-3/><rpEndSub/>       0.70      0.37      0.48        62
   <rm-4/><rpMid/>       0.62      0.14      0.23        57
<rm-1/><rpEndDel/>       0.00      0.00      0.00        44
   <rm-5/><rpMid/>       0.00      0.00      0.00        33
<rm-4/><rpEndSub/>       0.43      0.13      0.20        23
<rm-2/><rpEndDel/>       0.00      0.00      0.00        23
   <rm-6/><rpMid/>       0.00      0.00      0.00        18
<rm-3/><rpEndDel/>       0.00      0.00      0.00        14
   <rm-7/><rpMid/>       0.00      0.00      0.00        11
<rm-5/><rpEndSub/>       0.00      0.00      0.00         9
<rm-4/><rpEndDel/>       0.00      0.00      0.00         3
   <rm-8/><rpMid/>       0.00      0.00      0.00        14
<rm-6/><rpEndSub/>       0.00      0.00      0.00         4
<rm-5/><rpEndDel/>       0.00      0.00      0.00         1
<rm-8/><rpEndSub/>       0.00      0.00      0.00         1
<rm-7/><rpEndDel/>       0.00      0.00      0.00         0
<rm-7/><rpEndSub/>       0.00      0.00      0.00         4
<rm-6/><rpEndDel/>       0.00      0.00      0.00         0
<rm-8/><rpEndDel/>       0.00      0.00      0.00         0

       avg / total       0.92      0.94      0.93     47154

%%%%%%%%%%
18
                    precision    recall  f1-score   support

              <f/>       0.95      0.99      0.97     41151
              <e/>       0.90      0.89      0.90      4040
<rm-1/><rpEndSub/>       0.87      0.81      0.84       916
       <rpEndSub/>       0.64      0.14      0.23       610
          <rpMid/>       0.25      0.03      0.05       701
   <rm-2/><rpMid/>       0.74      0.29      0.41       224
<rm-2/><rpEndSub/>       0.77      0.68      0.72       223
   <rm-1/><rpMid/>       0.33      0.02      0.04       131
   <rm-3/><rpMid/>       0.67      0.13      0.22       123
<rm-3/><rpEndSub/>       0.59      0.46      0.51        59
   <rm-4/><rpMid/>       0.38      0.08      0.13        62
<rm-1/><rpEndDel/>       0.00      0.00      0.00        52
   <rm-5/><rpMid/>       0.00      0.00      0.00        33
<rm-4/><rpEndSub/>       0.71      0.21      0.32        24
<rm-2/><rpEndDel/>       0.00      0.00      0.00        21
   <rm-6/><rpMid/>       0.00      0.00      0.00        24
<rm-3/><rpEndDel/>       0.00      0.00      0.00        15
   <rm-7/><rpMid/>       0.00      0.00      0.00        14
<rm-5/><rpEndSub/>       0.00      0.00      0.00        15
<rm-4/><rpEndDel/>       0.00      0.00      0.00         9
   <rm-8/><rpMid/>       1.00      0.07      0.13        14
<rm-6/><rpEndSub/>       0.00      0.00      0.00         5
<rm-5/><rpEndDel/>       0.00      0.00      0.00         1
<rm-8/><rpEndSub/>       0.00      0.00      0.00         2
<rm-7/><rpEndDel/>       0.00      0.00      0.00         0
<rm-7/><rpEndSub/>       0.00      0.00      0.00         3
<rm-6/><rpEndDel/>       0.00      0.00      0.00         1
<rm-8/><rpEndDel/>       0.00      0.00      0.00         2

       avg / total       0.92      0.94      0.92     48475

                    precision    recall  f1-score   support

              <f/>       0.95      0.99      0.97     40501
              <e/>       0.88      0.86      0.87      3894
<rm-1/><rpEndSub/>       0.86      0.76      0.81       744
       <rpEndSub/>       0.69      0.15      0.24       569
          <rpMid/>       0.21      0.02      0.04       512
   <rm-2/><rpMid/>       0.82      0.34      0.48       228
<rm-2/><rpEndSub/>       0.72      0.59      0.64       164
   <rm-1/><rpMid/>       0.50      0.02      0.03       111
   <rm-3/><rpMid/>       0.55      0.11      0.18       110
<rm-3/><rpEndSub/>       0.67      0.29      0.40        62
   <rm-4/><rpMid/>       0.56      0.09      0.15        57
<rm-1/><rpEndDel/>       0.00      0.00      0.00        44
   <rm-5/><rpMid/>       0.00      0.00      0.00        33
<rm-4/><rpEndSub/>       0.25      0.04      0.07        23
<rm-2/><rpEndDel/>       0.00      0.00      0.00        23
   <rm-6/><rpMid/>       0.00      0.00      0.00        18
<rm-3/><rpEndDel/>       0.00      0.00      0.00        14
   <rm-7/><rpMid/>       0.00      0.00      0.00        11
<rm-5/><rpEndSub/>       0.00      0.00      0.00         9
<rm-4/><rpEndDel/>       0.00      0.00      0.00         3
   <rm-8/><rpMid/>       0.00      0.00      0.00        14
<rm-6/><rpEndSub/>       0.00      0.00      0.00         4
<rm-5/><rpEndDel/>       0.00      0.00      0.00         1
<rm-8/><rpEndSub/>       0.00      0.00      0.00         1
<rm-7/><rpEndDel/>       0.00      0.00      0.00         0
<rm-7/><rpEndSub/>       0.00      0.00      0.00         4
<rm-6/><rpEndDel/>       0.00      0.00      0.00         0
<rm-8/><rpEndDel/>       0.00      0.00      0.00         0

       avg / total       0.92      0.94      0.93     47154

%%%%%%%%%%
19
                    precision    recall  f1-score   support

              <f/>       0.94      0.99      0.97     41151
              <e/>       0.94      0.87      0.90      4040
<rm-1/><rpEndSub/>       0.86      0.80      0.83       916
       <rpEndSub/>       0.57      0.17      0.27       610
          <rpMid/>       0.26      0.03      0.05       701
   <rm-2/><rpMid/>       0.77      0.27      0.40       224
<rm-2/><rpEndSub/>       0.79      0.63      0.70       223
   <rm-1/><rpMid/>       0.80      0.03      0.06       131
   <rm-3/><rpMid/>       0.70      0.19      0.29       123
<rm-3/><rpEndSub/>       0.63      0.37      0.47        59
   <rm-4/><rpMid/>       0.42      0.08      0.14        62
<rm-1/><rpEndDel/>       0.00      0.00      0.00        52
   <rm-5/><rpMid/>       0.67      0.06      0.11        33
<rm-4/><rpEndSub/>       1.00      0.29      0.45        24
<rm-2/><rpEndDel/>       0.00      0.00      0.00        21
   <rm-6/><rpMid/>       0.00      0.00      0.00        24
<rm-3/><rpEndDel/>       0.00      0.00      0.00        15
   <rm-7/><rpMid/>       0.00      0.00      0.00        14
<rm-5/><rpEndSub/>       0.00      0.00      0.00        15
<rm-4/><rpEndDel/>       0.00      0.00      0.00         9
   <rm-8/><rpMid/>       0.00      0.00      0.00        14
<rm-6/><rpEndSub/>       0.00      0.00      0.00         5
<rm-5/><rpEndDel/>       0.00      0.00      0.00         1
<rm-8/><rpEndSub/>       0.00      0.00      0.00         2
<rm-7/><rpEndDel/>       0.00      0.00      0.00         0
<rm-7/><rpEndSub/>       0.00      0.00      0.00         3
<rm-6/><rpEndDel/>       0.00      0.00      0.00         1
<rm-8/><rpEndDel/>       0.00      0.00      0.00         2

       avg / total       0.92      0.94      0.92     48475

                    precision    recall  f1-score   support

              <f/>       0.95      0.99      0.97     40501
              <e/>       0.92      0.83      0.87      3894
<rm-1/><rpEndSub/>       0.87      0.76      0.81       744
       <rpEndSub/>       0.63      0.17      0.27       569
          <rpMid/>       0.34      0.06      0.10       512
   <rm-2/><rpMid/>       0.82      0.28      0.42       228
<rm-2/><rpEndSub/>       0.80      0.60      0.69       164
   <rm-1/><rpMid/>       0.57      0.04      0.07       111
   <rm-3/><rpMid/>       0.64      0.21      0.32       110
<rm-3/><rpEndSub/>       0.72      0.29      0.41        62
   <rm-4/><rpMid/>       0.67      0.07      0.13        57
<rm-1/><rpEndDel/>       0.00      0.00      0.00        44
   <rm-5/><rpMid/>       0.00      0.00      0.00        33
<rm-4/><rpEndSub/>       0.57      0.17      0.27        23
<rm-2/><rpEndDel/>       0.00      0.00      0.00        23
   <rm-6/><rpMid/>       0.00      0.00      0.00        18
<rm-3/><rpEndDel/>       0.00      0.00      0.00        14
   <rm-7/><rpMid/>       0.00      0.00      0.00        11
<rm-5/><rpEndSub/>       0.00      0.00      0.00         9
<rm-4/><rpEndDel/>       0.00      0.00      0.00         3
   <rm-8/><rpMid/>       0.00      0.00      0.00        14
<rm-6/><rpEndSub/>       0.00      0.00      0.00         4
<rm-5/><rpEndDel/>       0.00      0.00      0.00         1
<rm-8/><rpEndSub/>       0.00      0.00      0.00         1
<rm-7/><rpEndDel/>       0.00      0.00      0.00         0
<rm-7/><rpEndSub/>       0.00      0.00      0.00         4
<rm-6/><rpEndDel/>       0.00      0.00      0.00         0
<rm-8/><rpEndDel/>       0.00      0.00      0.00         0

       avg / total       0.92      0.94      0.93     47154

%%%%%%%%%%
20
                    precision    recall  f1-score   support

              <f/>       0.94      0.99      0.97     41151
              <e/>       0.95      0.84      0.89      4040
<rm-1/><rpEndSub/>       0.83      0.86      0.85       916
       <rpEndSub/>       0.68      0.13      0.22       610
          <rpMid/>       0.41      0.02      0.05       701
   <rm-2/><rpMid/>       0.68      0.28      0.39       224
<rm-2/><rpEndSub/>       0.82      0.67      0.74       223
   <rm-1/><rpMid/>       0.71      0.04      0.07       131
   <rm-3/><rpMid/>       0.71      0.12      0.21       123
<rm-3/><rpEndSub/>       0.75      0.46      0.57        59
   <rm-4/><rpMid/>       0.47      0.13      0.20        62
<rm-1/><rpEndDel/>       0.00      0.00      0.00        52
   <rm-5/><rpMid/>       1.00      0.03      0.06        33
<rm-4/><rpEndSub/>       0.80      0.17      0.28        24
<rm-2/><rpEndDel/>       0.00      0.00      0.00        21
   <rm-6/><rpMid/>       0.00      0.00      0.00        24
<rm-3/><rpEndDel/>       0.00      0.00      0.00        15
   <rm-7/><rpMid/>       0.00      0.00      0.00        14
<rm-5/><rpEndSub/>       0.00      0.00      0.00        15
<rm-4/><rpEndDel/>       0.00      0.00      0.00         9
   <rm-8/><rpMid/>       0.00      0.00      0.00        14
<rm-6/><rpEndSub/>       0.00      0.00      0.00         5
<rm-5/><rpEndDel/>       0.00      0.00      0.00         1
<rm-8/><rpEndSub/>       0.00      0.00      0.00         2
<rm-7/><rpEndDel/>       0.00      0.00      0.00         0
<rm-7/><rpEndSub/>       0.00      0.00      0.00         3
<rm-6/><rpEndDel/>       0.00      0.00      0.00         1
<rm-8/><rpEndDel/>       0.00      0.00      0.00         2

       avg / total       0.92      0.94      0.92     48475

                    precision    recall  f1-score   support

              <f/>       0.94      0.99      0.97     40501
              <e/>       0.94      0.81      0.87      3894
<rm-1/><rpEndSub/>       0.83      0.83      0.83       744
       <rpEndSub/>       0.70      0.12      0.21       569
          <rpMid/>       0.57      0.03      0.06       512
   <rm-2/><rpMid/>       0.80      0.26      0.39       228
<rm-2/><rpEndSub/>       0.82      0.60      0.69       164
   <rm-1/><rpMid/>       0.50      0.04      0.07       111
   <rm-3/><rpMid/>       0.61      0.13      0.21       110
<rm-3/><rpEndSub/>       0.82      0.23      0.35        62
   <rm-4/><rpMid/>       0.50      0.11      0.17        57
<rm-1/><rpEndDel/>       0.00      0.00      0.00        44
   <rm-5/><rpMid/>       0.00      0.00      0.00        33
<rm-4/><rpEndSub/>       0.75      0.13      0.22        23
<rm-2/><rpEndDel/>       0.00      0.00      0.00        23
   <rm-6/><rpMid/>       0.00      0.00      0.00        18
<rm-3/><rpEndDel/>       0.00      0.00      0.00        14
   <rm-7/><rpMid/>       0.00      0.00      0.00        11
<rm-5/><rpEndSub/>       0.00      0.00      0.00         9
<rm-4/><rpEndDel/>       0.00      0.00      0.00         3
   <rm-8/><rpMid/>       0.00      0.00      0.00        14
<rm-6/><rpEndSub/>       0.00      0.00      0.00         4
<rm-5/><rpEndDel/>       0.00      0.00      0.00         1
<rm-8/><rpEndSub/>       0.00      0.00      0.00         1
<rm-7/><rpEndDel/>       0.00      0.00      0.00         0
<rm-7/><rpEndSub/>       0.00      0.00      0.00         4
<rm-6/><rpEndDel/>       0.00      0.00      0.00         0
<rm-8/><rpEndDel/>       0.00      0.00      0.00         0

       avg / total       0.93      0.94      0.92     47154

%%%%%%%%%%
21
                    precision    recall  f1-score   support

              <f/>       0.95      0.98      0.97     41151
              <e/>       0.87      0.90      0.89      4040
<rm-1/><rpEndSub/>       0.85      0.84      0.84       916
       <rpEndSub/>       0.46      0.25      0.32       610
          <rpMid/>       0.23      0.08      0.12       701
   <rm-2/><rpMid/>       0.68      0.35      0.46       224
<rm-2/><rpEndSub/>       0.80      0.66      0.73       223
   <rm-1/><rpMid/>       0.67      0.03      0.06       131
   <rm-3/><rpMid/>       0.53      0.24      0.33       123
<rm-3/><rpEndSub/>       0.57      0.41      0.48        59
   <rm-4/><rpMid/>       0.20      0.10      0.13        62
<rm-1/><rpEndDel/>       0.00      0.00      0.00        52
   <rm-5/><rpMid/>       0.30      0.09      0.14        33
<rm-4/><rpEndSub/>       0.80      0.17      0.28        24
<rm-2/><rpEndDel/>       0.00      0.00      0.00        21
   <rm-6/><rpMid/>       0.00      0.00      0.00        24
<rm-3/><rpEndDel/>       0.00      0.00      0.00        15
   <rm-7/><rpMid/>       0.00      0.00      0.00        14
<rm-5/><rpEndSub/>       0.00      0.00      0.00        15
<rm-4/><rpEndDel/>       0.00      0.00      0.00         9
   <rm-8/><rpMid/>       0.00      0.00      0.00        14
<rm-6/><rpEndSub/>       0.00      0.00      0.00         5
<rm-5/><rpEndDel/>       0.00      0.00      0.00         1
<rm-8/><rpEndSub/>       0.00      0.00      0.00         2
<rm-7/><rpEndDel/>       0.00      0.00      0.00         0
<rm-7/><rpEndSub/>       0.00      0.00      0.00         3
<rm-6/><rpEndDel/>       0.00      0.00      0.00         1
<rm-8/><rpEndDel/>       0.00      0.00      0.00         2

       avg / total       0.92      0.93      0.92     48475

                    precision    recall  f1-score   support

              <f/>       0.95      0.98      0.97     40501
              <e/>       0.86      0.88      0.87      3894
<rm-1/><rpEndSub/>       0.85      0.82      0.83       744
       <rpEndSub/>       0.50      0.24      0.32       569
          <rpMid/>       0.19      0.09      0.12       512
   <rm-2/><rpMid/>       0.75      0.38      0.50       228
<rm-2/><rpEndSub/>       0.79      0.60      0.69       164
   <rm-1/><rpMid/>       0.33      0.01      0.02       111
   <rm-3/><rpMid/>       0.45      0.23      0.30       110
<rm-3/><rpEndSub/>       0.71      0.39      0.50        62
   <rm-4/><rpMid/>       0.29      0.16      0.20        57
<rm-1/><rpEndDel/>       0.00      0.00      0.00        44
   <rm-5/><rpMid/>       0.00      0.00      0.00        33
<rm-4/><rpEndSub/>       0.67      0.09      0.15        23
<rm-2/><rpEndDel/>       0.00      0.00      0.00        23
   <rm-6/><rpMid/>       0.00      0.00      0.00        18
<rm-3/><rpEndDel/>       0.00      0.00      0.00        14
   <rm-7/><rpMid/>       0.00      0.00      0.00        11
<rm-5/><rpEndSub/>       0.00      0.00      0.00         9
<rm-4/><rpEndDel/>       0.00      0.00      0.00         3
   <rm-8/><rpMid/>       0.00      0.00      0.00        14
<rm-6/><rpEndSub/>       0.00      0.00      0.00         4
<rm-5/><rpEndDel/>       0.00      0.00      0.00         1
<rm-8/><rpEndSub/>       0.00      0.00      0.00         1
<rm-7/><rpEndDel/>       0.00      0.00      0.00         0
<rm-7/><rpEndSub/>       0.00      0.00      0.00         4
<rm-6/><rpEndDel/>       0.00      0.00      0.00         0
<rm-8/><rpEndDel/>       0.00      0.00      0.00         0

       avg / total       0.92      0.94      0.93     47154

%%%%%%%%%%
22
                    precision    recall  f1-score   support

              <f/>       0.94      0.99      0.97     41151
              <e/>       0.93      0.87      0.90      4040
<rm-1/><rpEndSub/>       0.84      0.85      0.84       916
       <rpEndSub/>       0.57      0.15      0.23       610
          <rpMid/>       0.33      0.02      0.04       701
   <rm-2/><rpMid/>       0.69      0.31      0.43       224
<rm-2/><rpEndSub/>       0.83      0.61      0.70       223
   <rm-1/><rpMid/>       0.60      0.02      0.04       131
   <rm-3/><rpMid/>       0.63      0.14      0.23       123
<rm-3/><rpEndSub/>       0.71      0.34      0.46        59
   <rm-4/><rpMid/>       0.67      0.10      0.17        62
<rm-1/><rpEndDel/>       0.00      0.00      0.00        52
   <rm-5/><rpMid/>       1.00      0.06      0.11        33
<rm-4/><rpEndSub/>       1.00      0.12      0.22        24
<rm-2/><rpEndDel/>       0.00      0.00      0.00        21
   <rm-6/><rpMid/>       0.00      0.00      0.00        24
<rm-3/><rpEndDel/>       0.00      0.00      0.00        15
   <rm-7/><rpMid/>       0.00      0.00      0.00        14
<rm-5/><rpEndSub/>       0.00      0.00      0.00        15
<rm-4/><rpEndDel/>       0.00      0.00      0.00         9
   <rm-8/><rpMid/>       0.00      0.00      0.00        14
<rm-6/><rpEndSub/>       0.00      0.00      0.00         5
<rm-5/><rpEndDel/>       0.00      0.00      0.00         1
<rm-8/><rpEndSub/>       0.00      0.00      0.00         2
<rm-7/><rpEndDel/>       0.00      0.00      0.00         0
<rm-7/><rpEndSub/>       0.00      0.00      0.00         3
<rm-6/><rpEndDel/>       0.00      0.00      0.00         1
<rm-8/><rpEndDel/>       0.00      0.00      0.00         2

       avg / total       0.92      0.94      0.92     48475

                    precision    recall  f1-score   support

              <f/>       0.95      0.99      0.97     40501
              <e/>       0.92      0.83      0.87      3894
<rm-1/><rpEndSub/>       0.85      0.80      0.83       744
       <rpEndSub/>       0.64      0.14      0.23       569
          <rpMid/>       0.39      0.03      0.06       512
   <rm-2/><rpMid/>       0.75      0.34      0.47       228
<rm-2/><rpEndSub/>       0.85      0.54      0.66       164
   <rm-1/><rpMid/>       0.00      0.00      0.00       111
   <rm-3/><rpMid/>       0.59      0.15      0.23       110
<rm-3/><rpEndSub/>       0.64      0.15      0.24        62
   <rm-4/><rpMid/>       0.75      0.11      0.18        57
<rm-1/><rpEndDel/>       0.00      0.00      0.00        44
   <rm-5/><rpMid/>       0.00      0.00      0.00        33
<rm-4/><rpEndSub/>       0.00      0.00      0.00        23
<rm-2/><rpEndDel/>       0.00      0.00      0.00        23
   <rm-6/><rpMid/>       0.00      0.00      0.00        18
<rm-3/><rpEndDel/>       0.00      0.00      0.00        14
   <rm-7/><rpMid/>       0.00      0.00      0.00        11
<rm-5/><rpEndSub/>       0.00      0.00      0.00         9
<rm-4/><rpEndDel/>       0.00      0.00      0.00         3
   <rm-8/><rpMid/>       0.00      0.00      0.00        14
<rm-6/><rpEndSub/>       0.00      0.00      0.00         4
<rm-5/><rpEndDel/>       0.00      0.00      0.00         1
<rm-8/><rpEndSub/>       0.00      0.00      0.00         1
<rm-7/><rpEndDel/>       0.00      0.00      0.00         0
<rm-7/><rpEndSub/>       0.00      0.00      0.00         4
<rm-6/><rpEndDel/>       0.00      0.00      0.00         0
<rm-8/><rpEndDel/>       0.00      0.00      0.00         0

       avg / total       0.92      0.94      0.93     47154

%%%%%%%%%%
