1
             precision    recall  f1-score   support

   <e/><cc>       0.71      0.90      0.80      2682
   <e/><ct>       0.18      0.01      0.01       318
   <e/><tc>       0.70      0.50      0.58       846
   <e/><tt>       0.67      0.16      0.26        76
   <f/><cc>       0.84      0.97      0.90     33334
   <f/><ct>       0.64      0.05      0.10      3811
   <f/><tc>       0.70      0.47      0.56      3313
   <f/><tt>       0.93      0.82      0.87      1413
<rm-0/><cc>       0.66      0.54      0.60      2185
<rm-0/><ct>       0.00      0.00      0.00        30

avg / total       0.79      0.82      0.78     48008

             precision    recall  f1-score   support

   <e/><cc>       0.70      0.89      0.78      2442
   <e/><ct>       0.25      0.01      0.01       272
   <e/><tc>       0.68      0.58      0.63       901
   <e/><tt>       0.75      0.05      0.10       110
   <f/><cc>       0.84      0.97      0.90     32632
   <f/><ct>       0.61      0.07      0.12      3822
   <f/><tc>       0.74      0.53      0.61      3224
   <f/><tt>       0.94      0.81      0.87      1633
<rm-0/><cc>       0.61      0.47      0.53      1734
<rm-0/><ct>       0.00      0.00      0.00        31

avg / total       0.80      0.82      0.78     46801

%%%%%%%%%%
2
             precision    recall  f1-score   support

   <e/><cc>       0.75      0.91      0.82      2682
   <e/><ct>       0.28      0.02      0.03       318
   <e/><tc>       0.72      0.53      0.61       846
   <e/><tt>       0.67      0.39      0.50        76
   <f/><cc>       0.85      0.97      0.91     33334
   <f/><ct>       0.63      0.12      0.20      3811
   <f/><tc>       0.74      0.53      0.62      3313
   <f/><tt>       0.93      0.85      0.88      1413
<rm-0/><cc>       0.79      0.63      0.70      2185
<rm-0/><ct>       0.00      0.00      0.00        30

avg / total       0.81      0.84      0.81     48008

             precision    recall  f1-score   support

   <e/><cc>       0.74      0.89      0.80      2442
   <e/><ct>       0.38      0.01      0.02       272
   <e/><tc>       0.70      0.61      0.66       901
   <e/><tt>       0.38      0.10      0.16       110
   <f/><cc>       0.86      0.97      0.91     32632
   <f/><ct>       0.62      0.13      0.22      3822
   <f/><tc>       0.75      0.57      0.65      3224
   <f/><tt>       0.94      0.83      0.88      1633
<rm-0/><cc>       0.77      0.58      0.66      1734
<rm-0/><ct>       0.00      0.00      0.00        31

avg / total       0.82      0.84      0.81     46801

%%%%%%%%%%
3
             precision    recall  f1-score   support

   <e/><cc>       0.76      0.91      0.82      2682
   <e/><ct>       0.00      0.00      0.00       318
   <e/><tc>       0.72      0.56      0.63       846
   <e/><tt>       0.61      0.46      0.53        76
   <f/><cc>       0.86      0.97      0.91     33334
   <f/><ct>       0.61      0.15      0.24      3811
   <f/><tc>       0.74      0.55      0.63      3313
   <f/><tt>       0.93      0.85      0.89      1413
<rm-0/><cc>       0.79      0.68      0.73      2185
<rm-0/><ct>       0.00      0.00      0.00        30

avg / total       0.82      0.84      0.81     48008

             precision    recall  f1-score   support

   <e/><cc>       0.74      0.89      0.81      2442
   <e/><ct>       0.40      0.01      0.01       272
   <e/><tc>       0.71      0.62      0.66       901
   <e/><tt>       0.39      0.12      0.18       110
   <f/><cc>       0.86      0.97      0.91     32632
   <f/><ct>       0.61      0.15      0.24      3822
   <f/><tc>       0.76      0.59      0.66      3224
   <f/><tt>       0.94      0.84      0.88      1633
<rm-0/><cc>       0.77      0.62      0.69      1734
<rm-0/><ct>       0.00      0.00      0.00        31

avg / total       0.82      0.84      0.81     46801

%%%%%%%%%%
4
             precision    recall  f1-score   support

   <e/><cc>       0.76      0.90      0.83      2682
   <e/><ct>       0.14      0.00      0.01       318
   <e/><tc>       0.71      0.57      0.63       846
   <e/><tt>       0.61      0.47      0.53        76
   <f/><cc>       0.86      0.96      0.91     33334
   <f/><ct>       0.59      0.17      0.26      3811
   <f/><tc>       0.73      0.54      0.62      3313
   <f/><tt>       0.93      0.85      0.88      1413
<rm-0/><cc>       0.80      0.70      0.75      2185
<rm-0/><ct>       0.00      0.00      0.00        30

avg / total       0.82      0.84      0.81     48008

             precision    recall  f1-score   support

   <e/><cc>       0.75      0.88      0.81      2442
   <e/><ct>       0.67      0.01      0.03       272
   <e/><tc>       0.70      0.63      0.66       901
   <e/><tt>       0.44      0.15      0.22       110
   <f/><cc>       0.86      0.97      0.91     32632
   <f/><ct>       0.59      0.18      0.28      3822
   <f/><tc>       0.75      0.60      0.66      3224
   <f/><tt>       0.94      0.83      0.88      1633
<rm-0/><cc>       0.78      0.64      0.70      1734
<rm-0/><ct>       0.00      0.00      0.00        31

avg / total       0.82      0.84      0.82     46801

%%%%%%%%%%
5
             precision    recall  f1-score   support

   <e/><cc>       0.77      0.89      0.83      2682
   <e/><ct>       0.20      0.01      0.01       318
   <e/><tc>       0.71      0.56      0.63       846
   <e/><tt>       0.60      0.46      0.52        76
   <f/><cc>       0.86      0.96      0.91     33334
   <f/><ct>       0.57      0.19      0.28      3811
   <f/><tc>       0.72      0.54      0.61      3313
   <f/><tt>       0.92      0.85      0.88      1413
<rm-0/><cc>       0.79      0.72      0.75      2185
<rm-0/><ct>       0.00      0.00      0.00        30

avg / total       0.81      0.84      0.81     48008

             precision    recall  f1-score   support

   <e/><cc>       0.75      0.87      0.81      2442
   <e/><ct>       0.57      0.01      0.03       272
   <e/><tc>       0.70      0.64      0.67       901
   <e/><tt>       0.44      0.15      0.22       110
   <f/><cc>       0.87      0.96      0.91     32632
   <f/><ct>       0.57      0.20      0.30      3822
   <f/><tc>       0.74      0.58      0.65      3224
   <f/><tt>       0.94      0.83      0.88      1633
<rm-0/><cc>       0.78      0.66      0.71      1734
<rm-0/><ct>       0.00      0.00      0.00        31

avg / total       0.82      0.84      0.82     46801

%%%%%%%%%%
6
             precision    recall  f1-score   support

   <e/><cc>       0.77      0.89      0.83      2682
   <e/><ct>       0.20      0.01      0.02       318
   <e/><tc>       0.72      0.55      0.63       846
   <e/><tt>       0.60      0.43      0.50        76
   <f/><cc>       0.86      0.96      0.91     33334
   <f/><ct>       0.56      0.20      0.29      3811
   <f/><tc>       0.72      0.53      0.61      3313
   <f/><tt>       0.93      0.85      0.88      1413
<rm-0/><cc>       0.78      0.72      0.75      2185
<rm-0/><ct>       0.00      0.00      0.00        30

avg / total       0.81      0.84      0.81     48008

             precision    recall  f1-score   support

   <e/><cc>       0.75      0.87      0.81      2442
   <e/><ct>       0.50      0.02      0.04       272
   <e/><tc>       0.71      0.63      0.67       901
   <e/><tt>       0.44      0.15      0.22       110
   <f/><cc>       0.87      0.96      0.91     32632
   <f/><ct>       0.57      0.22      0.32      3822
   <f/><tc>       0.74      0.58      0.65      3224
   <f/><tt>       0.94      0.83      0.88      1633
<rm-0/><cc>       0.78      0.66      0.71      1734
<rm-0/><ct>       0.00      0.00      0.00        31

avg / total       0.82      0.84      0.82     46801

%%%%%%%%%%
7
             precision    recall  f1-score   support

   <e/><cc>       0.77      0.89      0.82      2682
   <e/><ct>       0.24      0.01      0.02       318
   <e/><tc>       0.72      0.55      0.62       846
   <e/><tt>       0.57      0.41      0.48        76
   <f/><cc>       0.86      0.96      0.91     33334
   <f/><ct>       0.55      0.20      0.30      3811
   <f/><tc>       0.71      0.52      0.60      3313
   <f/><tt>       0.93      0.84      0.88      1413
<rm-0/><cc>       0.79      0.73      0.76      2185
<rm-0/><ct>       0.00      0.00      0.00        30

avg / total       0.81      0.84      0.81     48008

             precision    recall  f1-score   support

   <e/><cc>       0.75      0.87      0.81      2442
   <e/><ct>       0.50      0.03      0.05       272
   <e/><tc>       0.71      0.63      0.67       901
   <e/><tt>       0.39      0.14      0.20       110
   <f/><cc>       0.86      0.96      0.91     32632
   <f/><ct>       0.56      0.23      0.32      3822
   <f/><tc>       0.73      0.57      0.64      3224
   <f/><tt>       0.94      0.82      0.88      1633
<rm-0/><cc>       0.77      0.67      0.72      1734
<rm-0/><ct>       0.00      0.00      0.00        31

avg / total       0.82      0.84      0.82     46801

%%%%%%%%%%
8
             precision    recall  f1-score   support

   <e/><cc>       0.77      0.89      0.82      2682
   <e/><ct>       0.24      0.02      0.03       318
   <e/><tc>       0.71      0.55      0.62       846
   <e/><tt>       0.57      0.41      0.48        76
   <f/><cc>       0.86      0.96      0.91     33334
   <f/><ct>       0.54      0.21      0.30      3811
   <f/><tc>       0.71      0.51      0.59      3313
   <f/><tt>       0.93      0.84      0.88      1413
<rm-0/><cc>       0.78      0.73      0.76      2185
<rm-0/><ct>       0.00      0.00      0.00        30

avg / total       0.81      0.83      0.81     48008

             precision    recall  f1-score   support

   <e/><cc>       0.75      0.87      0.80      2442
   <e/><ct>       0.37      0.03      0.05       272
   <e/><tc>       0.71      0.62      0.66       901
   <e/><tt>       0.36      0.13      0.19       110
   <f/><cc>       0.86      0.96      0.91     32632
   <f/><ct>       0.55      0.23      0.33      3822
   <f/><tc>       0.72      0.56      0.63      3224
   <f/><tt>       0.94      0.82      0.88      1633
<rm-0/><cc>       0.77      0.67      0.72      1734
<rm-0/><ct>       0.00      0.00      0.00        31

avg / total       0.81      0.83      0.82     46801

%%%%%%%%%%
9
             precision    recall  f1-score   support

   <e/><cc>       0.77      0.88      0.82      2682
   <e/><ct>       0.31      0.03      0.06       318
   <e/><tc>       0.71      0.54      0.61       846
   <e/><tt>       0.60      0.41      0.48        76
   <f/><cc>       0.86      0.95      0.90     33334
   <f/><ct>       0.52      0.21      0.30      3811
   <f/><tc>       0.70      0.50      0.58      3313
   <f/><tt>       0.93      0.84      0.88      1413
<rm-0/><cc>       0.77      0.73      0.75      2185
<rm-0/><ct>       0.00      0.00      0.00        30

avg / total       0.81      0.83      0.81     48008

             precision    recall  f1-score   support

   <e/><cc>       0.75      0.86      0.80      2442
   <e/><ct>       0.32      0.03      0.05       272
   <e/><tc>       0.71      0.61      0.66       901
   <e/><tt>       0.42      0.18      0.25       110
   <f/><cc>       0.86      0.95      0.91     32632
   <f/><ct>       0.55      0.24      0.33      3822
   <f/><tc>       0.72      0.54      0.62      3224
   <f/><tt>       0.94      0.82      0.88      1633
<rm-0/><cc>       0.76      0.67      0.71      1734
<rm-0/><ct>       0.00      0.00      0.00        31

avg / total       0.81      0.83      0.81     46801

%%%%%%%%%%
10
             precision    recall  f1-score   support

   <e/><cc>       0.77      0.87      0.81      2682
   <e/><ct>       0.35      0.06      0.10       318
   <e/><tc>       0.71      0.54      0.62       846
   <e/><tt>       0.62      0.42      0.50        76
   <f/><cc>       0.86      0.95      0.90     33334
   <f/><ct>       0.53      0.22      0.31      3811
   <f/><tc>       0.70      0.49      0.58      3313
   <f/><tt>       0.93      0.84      0.88      1413
<rm-0/><cc>       0.76      0.74      0.75      2185
<rm-0/><ct>       0.00      0.00      0.00        30

avg / total       0.81      0.83      0.81     48008

             precision    recall  f1-score   support

   <e/><cc>       0.75      0.85      0.80      2442
   <e/><ct>       0.36      0.05      0.08       272
   <e/><tc>       0.72      0.61      0.66       901
   <e/><tt>       0.44      0.21      0.28       110
   <f/><cc>       0.86      0.95      0.91     32632
   <f/><ct>       0.55      0.24      0.34      3822
   <f/><tc>       0.71      0.54      0.61      3224
   <f/><tt>       0.94      0.83      0.88      1633
<rm-0/><cc>       0.75      0.67      0.71      1734
<rm-0/><ct>       0.00      0.00      0.00        31

avg / total       0.81      0.83      0.81     46801

%%%%%%%%%%
11
             precision    recall  f1-score   support

   <e/><cc>       0.76      0.88      0.81      2682
   <e/><ct>       0.34      0.05      0.08       318
   <e/><tc>       0.71      0.53      0.61       846
   <e/><tt>       0.56      0.42      0.48        76
   <f/><cc>       0.86      0.95      0.90     33334
   <f/><ct>       0.51      0.22      0.31      3811
   <f/><tc>       0.68      0.50      0.57      3313
   <f/><tt>       0.93      0.84      0.88      1413
<rm-0/><cc>       0.77      0.74      0.75      2185
<rm-0/><ct>       0.00      0.00      0.00        30

avg / total       0.81      0.83      0.81     48008

             precision    recall  f1-score   support

   <e/><cc>       0.74      0.85      0.79      2442
   <e/><ct>       0.36      0.06      0.10       272
   <e/><tc>       0.71      0.60      0.65       901
   <e/><tt>       0.43      0.21      0.28       110
   <f/><cc>       0.86      0.95      0.90     32632
   <f/><ct>       0.53      0.25      0.34      3822
   <f/><tc>       0.68      0.54      0.60      3224
   <f/><tt>       0.94      0.82      0.88      1633
<rm-0/><cc>       0.75      0.67      0.71      1734
<rm-0/><ct>       0.00      0.00      0.00        31

avg / total       0.81      0.83      0.81     46801

%%%%%%%%%%
12
             precision    recall  f1-score   support

   <e/><cc>       0.75      0.88      0.81      2682
   <e/><ct>       0.39      0.07      0.12       318
   <e/><tc>       0.71      0.51      0.59       846
   <e/><tt>       0.60      0.41      0.48        76
   <f/><cc>       0.86      0.95      0.90     33334
   <f/><ct>       0.51      0.21      0.30      3811
   <f/><tc>       0.67      0.48      0.56      3313
   <f/><tt>       0.94      0.83      0.88      1413
<rm-0/><cc>       0.76      0.73      0.75      2185
<rm-0/><ct>       0.00      0.00      0.00        30

avg / total       0.80      0.83      0.81     48008

             precision    recall  f1-score   support

   <e/><cc>       0.73      0.86      0.79      2442
   <e/><ct>       0.33      0.06      0.11       272
   <e/><tc>       0.72      0.58      0.64       901
   <e/><tt>       0.41      0.17      0.24       110
   <f/><cc>       0.86      0.95      0.90     32632
   <f/><ct>       0.52      0.24      0.33      3822
   <f/><tc>       0.68      0.51      0.59      3224
   <f/><tt>       0.94      0.81      0.87      1633
<rm-0/><cc>       0.74      0.67      0.70      1734
<rm-0/><ct>       0.00      0.00      0.00        31

avg / total       0.81      0.83      0.81     46801

%%%%%%%%%%
13
             precision    recall  f1-score   support

   <e/><cc>       0.75      0.88      0.81      2682
   <e/><ct>       0.30      0.06      0.10       318
   <e/><tc>       0.69      0.49      0.58       846
   <e/><tt>       0.56      0.38      0.45        76
   <f/><cc>       0.86      0.95      0.90     33334
   <f/><ct>       0.51      0.22      0.31      3811
   <f/><tc>       0.66      0.46      0.54      3313
   <f/><tt>       0.94      0.82      0.87      1413
<rm-0/><cc>       0.74      0.73      0.74      2185
<rm-0/><ct>       0.00      0.00      0.00        30

avg / total       0.80      0.82      0.80     48008

             precision    recall  f1-score   support

   <e/><cc>       0.73      0.86      0.79      2442
   <e/><ct>       0.33      0.07      0.12       272
   <e/><tc>       0.71      0.57      0.63       901
   <e/><tt>       0.39      0.17      0.24       110
   <f/><cc>       0.86      0.95      0.90     32632
   <f/><ct>       0.52      0.25      0.34      3822
   <f/><tc>       0.68      0.50      0.57      3224
   <f/><tt>       0.94      0.80      0.87      1633
<rm-0/><cc>       0.72      0.68      0.70      1734
<rm-0/><ct>       0.00      0.00      0.00        31

avg / total       0.80      0.82      0.81     46801

%%%%%%%%%%
14
             precision    recall  f1-score   support

   <e/><cc>       0.75      0.88      0.81      2682
   <e/><ct>       0.38      0.07      0.12       318
   <e/><tc>       0.69      0.51      0.59       846
   <e/><tt>       0.60      0.41      0.48        76
   <f/><cc>       0.86      0.94      0.90     33334
   <f/><ct>       0.49      0.23      0.31      3811
   <f/><tc>       0.66      0.46      0.54      3313
   <f/><tt>       0.93      0.82      0.87      1413
<rm-0/><cc>       0.75      0.73      0.74      2185
<rm-0/><ct>       0.00      0.00      0.00        30

avg / total       0.80      0.82      0.80     48008

             precision    recall  f1-score   support

   <e/><cc>       0.73      0.86      0.79      2442
   <e/><ct>       0.29      0.06      0.10       272
   <e/><tc>       0.70      0.57      0.63       901
   <e/><tt>       0.35      0.15      0.22       110
   <f/><cc>       0.86      0.94      0.90     32632
   <f/><ct>       0.50      0.26      0.34      3822
   <f/><tc>       0.65      0.50      0.56      3224
   <f/><tt>       0.94      0.80      0.86      1633
<rm-0/><cc>       0.74      0.68      0.71      1734
<rm-0/><ct>       0.00      0.00      0.00        31

avg / total       0.80      0.82      0.81     46801

%%%%%%%%%%
15
             precision    recall  f1-score   support

   <e/><cc>       0.75      0.86      0.81      2682
   <e/><ct>       0.40      0.08      0.13       318
   <e/><tc>       0.69      0.52      0.60       846
   <e/><tt>       0.62      0.41      0.49        76
   <f/><cc>       0.86      0.94      0.90     33334
   <f/><ct>       0.47      0.24      0.32      3811
   <f/><tc>       0.66      0.47      0.55      3313
   <f/><tt>       0.93      0.81      0.87      1413
<rm-0/><cc>       0.73      0.74      0.74      2185
<rm-0/><ct>       0.00      0.00      0.00        30

avg / total       0.80      0.82      0.80     48008

             precision    recall  f1-score   support

   <e/><cc>       0.73      0.84      0.78      2442
   <e/><ct>       0.32      0.06      0.10       272
   <e/><tc>       0.68      0.58      0.63       901
   <e/><tt>       0.36      0.15      0.22       110
   <f/><cc>       0.86      0.94      0.90     32632
   <f/><ct>       0.48      0.27      0.34      3822
   <f/><tc>       0.66      0.51      0.57      3224
   <f/><tt>       0.93      0.80      0.86      1633
<rm-0/><cc>       0.71      0.68      0.70      1734
<rm-0/><ct>       0.00      0.00      0.00        31

avg / total       0.80      0.82      0.80     46801

%%%%%%%%%%
16
             precision    recall  f1-score   support

   <e/><cc>       0.75      0.87      0.81      2682
   <e/><ct>       0.36      0.07      0.12       318
   <e/><tc>       0.68      0.54      0.60       846
   <e/><tt>       0.62      0.45      0.52        76
   <f/><cc>       0.86      0.94      0.90     33334
   <f/><ct>       0.47      0.23      0.31      3811
   <f/><tc>       0.64      0.46      0.53      3313
   <f/><tt>       0.94      0.80      0.87      1413
<rm-0/><cc>       0.72      0.74      0.73      2185
<rm-0/><ct>       0.00      0.00      0.00        30

avg / total       0.80      0.82      0.80     48008

             precision    recall  f1-score   support

   <e/><cc>       0.73      0.84      0.78      2442
   <e/><ct>       0.31      0.07      0.11       272
   <e/><tc>       0.68      0.59      0.63       901
   <e/><tt>       0.33      0.16      0.22       110
   <f/><cc>       0.86      0.94      0.90     32632
   <f/><ct>       0.48      0.26      0.34      3822
   <f/><tc>       0.64      0.50      0.56      3224
   <f/><tt>       0.93      0.79      0.85      1633
<rm-0/><cc>       0.70      0.68      0.69      1734
<rm-0/><ct>       0.00      0.00      0.00        31

avg / total       0.80      0.82      0.80     46801

%%%%%%%%%%
