1
                    precision    recall  f1-score   support

              <e/>       0.95      0.85      0.90      3916
              <f/>       0.94      0.99      0.97     41139
<rm-1/><rpEndDel/>       0.00      0.00      0.00        52
<rm-1/><rpEndSub/>       0.73      0.39      0.51       910
   <rm-1/><rpMid/>       0.00      0.00      0.00       132
<rm-2/><rpEndDel/>       0.00      0.00      0.00        24
<rm-2/><rpEndSub/>       0.68      0.20      0.31       214
   <rm-2/><rpMid/>       0.55      0.15      0.24       221
<rm-3/><rpEndDel/>       0.00      0.00      0.00        15
<rm-3/><rpEndSub/>       0.00      0.00      0.00        57
   <rm-3/><rpMid/>       0.00      0.00      0.00       124
<rm-4/><rpEndDel/>       0.00      0.00      0.00         8
<rm-4/><rpEndSub/>       0.00      0.00      0.00        22
   <rm-4/><rpMid/>       0.00      0.00      0.00        65
<rm-5/><rpEndDel/>       0.00      0.00      0.00         0
<rm-5/><rpEndSub/>       0.00      0.00      0.00        15
   <rm-5/><rpMid/>       0.00      0.00      0.00        35
<rm-6/><rpEndDel/>       0.00      0.00      0.00         0
<rm-6/><rpEndSub/>       0.00      0.00      0.00         4
   <rm-6/><rpMid/>       0.00      0.00      0.00        24
<rm-7/><rpEndDel/>       0.00      0.00      0.00         0
<rm-7/><rpEndSub/>       0.00      0.00      0.00         2
   <rm-7/><rpMid/>       0.00      0.00      0.00        11
<rm-8/><rpEndDel/>       0.00      0.00      0.00         1
<rm-8/><rpEndSub/>       0.00      0.00      0.00         0
   <rm-8/><rpMid/>       0.00      0.00      0.00        10
       <rpEndSub/>       0.50      0.09      0.16       603

       avg / total       0.92      0.94      0.92     47604

%%%%%%%%%%
2
                    precision    recall  f1-score   support

              <e/>       0.96      0.84      0.89      3916
              <f/>       0.95      0.99      0.97     41139
<rm-1/><rpEndDel/>       0.00      0.00      0.00        52
<rm-1/><rpEndSub/>       0.79      0.48      0.59       910
   <rm-1/><rpMid/>       0.00      0.00      0.00       132
<rm-2/><rpEndDel/>       0.00      0.00      0.00        24
<rm-2/><rpEndSub/>       0.68      0.42      0.52       214
   <rm-2/><rpMid/>       0.61      0.21      0.31       221
<rm-3/><rpEndDel/>       0.00      0.00      0.00        15
<rm-3/><rpEndSub/>       0.33      0.05      0.09        57
   <rm-3/><rpMid/>       0.25      0.02      0.03       124
<rm-4/><rpEndDel/>       0.00      0.00      0.00         8
<rm-4/><rpEndSub/>       0.00      0.00      0.00        22
   <rm-4/><rpMid/>       0.00      0.00      0.00        65
<rm-5/><rpEndDel/>       0.00      0.00      0.00         0
<rm-5/><rpEndSub/>       0.00      0.00      0.00        15
   <rm-5/><rpMid/>       0.00      0.00      0.00        35
<rm-6/><rpEndDel/>       0.00      0.00      0.00         0
<rm-6/><rpEndSub/>       0.00      0.00      0.00         4
   <rm-6/><rpMid/>       0.00      0.00      0.00        24
<rm-7/><rpEndDel/>       0.00      0.00      0.00         0
<rm-7/><rpEndSub/>       0.00      0.00      0.00         2
   <rm-7/><rpMid/>       0.00      0.00      0.00        11
<rm-8/><rpEndDel/>       0.00      0.00      0.00         1
<rm-8/><rpEndSub/>       0.00      0.00      0.00         0
   <rm-8/><rpMid/>       0.00      0.00      0.00        10
       <rpEndSub/>       0.63      0.14      0.23       603

       avg / total       0.93      0.94      0.93     47604

%%%%%%%%%%
3
                    precision    recall  f1-score   support

              <e/>       0.96      0.83      0.89      3916
              <f/>       0.95      0.99      0.97     41139
<rm-1/><rpEndDel/>       0.00      0.00      0.00        52
<rm-1/><rpEndSub/>       0.81      0.52      0.63       910
   <rm-1/><rpMid/>       0.00      0.00      0.00       132
<rm-2/><rpEndDel/>       0.00      0.00      0.00        24
<rm-2/><rpEndSub/>       0.68      0.49      0.57       214
   <rm-2/><rpMid/>       0.64      0.25      0.36       221
<rm-3/><rpEndDel/>       0.00      0.00      0.00        15
<rm-3/><rpEndSub/>       0.46      0.21      0.29        57
   <rm-3/><rpMid/>       0.45      0.07      0.12       124
<rm-4/><rpEndDel/>       0.00      0.00      0.00         8
<rm-4/><rpEndSub/>       0.00      0.00      0.00        22
   <rm-4/><rpMid/>       0.00      0.00      0.00        65
<rm-5/><rpEndDel/>       0.00      0.00      0.00         0
<rm-5/><rpEndSub/>       0.00      0.00      0.00        15
   <rm-5/><rpMid/>       0.00      0.00      0.00        35
<rm-6/><rpEndDel/>       0.00      0.00      0.00         0
<rm-6/><rpEndSub/>       0.00      0.00      0.00         4
   <rm-6/><rpMid/>       0.00      0.00      0.00        24
<rm-7/><rpEndDel/>       0.00      0.00      0.00         0
<rm-7/><rpEndSub/>       0.00      0.00      0.00         2
   <rm-7/><rpMid/>       0.00      0.00      0.00        11
<rm-8/><rpEndDel/>       0.00      0.00      0.00         1
<rm-8/><rpEndSub/>       0.00      0.00      0.00         0
   <rm-8/><rpMid/>       0.00      0.00      0.00        10
       <rpEndSub/>       0.65      0.19      0.29       603

       avg / total       0.93      0.94      0.93     47604

%%%%%%%%%%
4
                    precision    recall  f1-score   support

              <e/>       0.96      0.83      0.89      3916
              <f/>       0.95      0.99      0.97     41139
<rm-1/><rpEndDel/>       0.00      0.00      0.00        52
<rm-1/><rpEndSub/>       0.84      0.55      0.67       910
   <rm-1/><rpMid/>       0.00      0.00      0.00       132
<rm-2/><rpEndDel/>       0.00      0.00      0.00        24
<rm-2/><rpEndSub/>       0.68      0.53      0.59       214
   <rm-2/><rpMid/>       0.56      0.27      0.37       221
<rm-3/><rpEndDel/>       0.00      0.00      0.00        15
<rm-3/><rpEndSub/>       0.50      0.30      0.37        57
   <rm-3/><rpMid/>       0.48      0.08      0.14       124
<rm-4/><rpEndDel/>       0.00      0.00      0.00         8
<rm-4/><rpEndSub/>       0.50      0.05      0.08        22
   <rm-4/><rpMid/>       0.17      0.02      0.03        65
<rm-5/><rpEndDel/>       0.00      0.00      0.00         0
<rm-5/><rpEndSub/>       0.00      0.00      0.00        15
   <rm-5/><rpMid/>       0.00      0.00      0.00        35
<rm-6/><rpEndDel/>       0.00      0.00      0.00         0
<rm-6/><rpEndSub/>       0.00      0.00      0.00         4
   <rm-6/><rpMid/>       0.00      0.00      0.00        24
<rm-7/><rpEndDel/>       0.00      0.00      0.00         0
<rm-7/><rpEndSub/>       0.00      0.00      0.00         2
   <rm-7/><rpMid/>       0.00      0.00      0.00        11
<rm-8/><rpEndDel/>       0.00      0.00      0.00         1
<rm-8/><rpEndSub/>       0.00      0.00      0.00         0
   <rm-8/><rpMid/>       0.00      0.00      0.00        10
       <rpEndSub/>       0.65      0.20      0.30       603

       avg / total       0.93      0.94      0.93     47604

%%%%%%%%%%
5
                    precision    recall  f1-score   support

              <e/>       0.96      0.84      0.90      3916
              <f/>       0.95      0.99      0.97     41139
<rm-1/><rpEndDel/>       0.00      0.00      0.00        52
<rm-1/><rpEndSub/>       0.83      0.56      0.67       910
   <rm-1/><rpMid/>       0.00      0.00      0.00       132
<rm-2/><rpEndDel/>       0.00      0.00      0.00        24
<rm-2/><rpEndSub/>       0.66      0.54      0.59       214
   <rm-2/><rpMid/>       0.60      0.29      0.39       221
<rm-3/><rpEndDel/>       0.00      0.00      0.00        15
<rm-3/><rpEndSub/>       0.51      0.32      0.39        57
   <rm-3/><rpMid/>       0.59      0.14      0.22       124
<rm-4/><rpEndDel/>       0.00      0.00      0.00         8
<rm-4/><rpEndSub/>       0.50      0.14      0.21        22
   <rm-4/><rpMid/>       0.12      0.02      0.03        65
<rm-5/><rpEndDel/>       0.00      0.00      0.00         0
<rm-5/><rpEndSub/>       0.00      0.00      0.00        15
   <rm-5/><rpMid/>       0.00      0.00      0.00        35
<rm-6/><rpEndDel/>       0.00      0.00      0.00         0
<rm-6/><rpEndSub/>       0.00      0.00      0.00         4
   <rm-6/><rpMid/>       0.00      0.00      0.00        24
<rm-7/><rpEndDel/>       0.00      0.00      0.00         0
<rm-7/><rpEndSub/>       0.00      0.00      0.00         2
   <rm-7/><rpMid/>       0.00      0.00      0.00        11
<rm-8/><rpEndDel/>       0.00      0.00      0.00         1
<rm-8/><rpEndSub/>       0.00      0.00      0.00         0
   <rm-8/><rpMid/>       0.00      0.00      0.00        10
       <rpEndSub/>       0.64      0.22      0.32       603

       avg / total       0.93      0.95      0.94     47604

%%%%%%%%%%
6
                    precision    recall  f1-score   support

              <e/>       0.96      0.85      0.90      3916
              <f/>       0.95      0.99      0.97     41139
<rm-1/><rpEndDel/>       0.00      0.00      0.00        52
<rm-1/><rpEndSub/>       0.83      0.57      0.68       910
   <rm-1/><rpMid/>       0.00      0.00      0.00       132
<rm-2/><rpEndDel/>       0.00      0.00      0.00        24
<rm-2/><rpEndSub/>       0.65      0.55      0.59       214
   <rm-2/><rpMid/>       0.60      0.31      0.41       221
<rm-3/><rpEndDel/>       0.00      0.00      0.00        15
<rm-3/><rpEndSub/>       0.50      0.32      0.39        57
   <rm-3/><rpMid/>       0.59      0.15      0.24       124
<rm-4/><rpEndDel/>       0.00      0.00      0.00         8
<rm-4/><rpEndSub/>       0.40      0.09      0.15        22
   <rm-4/><rpMid/>       0.33      0.06      0.10        65
<rm-5/><rpEndDel/>       0.00      0.00      0.00         0
<rm-5/><rpEndSub/>       0.00      0.00      0.00        15
   <rm-5/><rpMid/>       0.00      0.00      0.00        35
<rm-6/><rpEndDel/>       0.00      0.00      0.00         0
<rm-6/><rpEndSub/>       0.00      0.00      0.00         4
   <rm-6/><rpMid/>       0.00      0.00      0.00        24
<rm-7/><rpEndDel/>       0.00      0.00      0.00         0
<rm-7/><rpEndSub/>       0.00      0.00      0.00         2
   <rm-7/><rpMid/>       0.00      0.00      0.00        11
<rm-8/><rpEndDel/>       0.00      0.00      0.00         1
<rm-8/><rpEndSub/>       0.00      0.00      0.00         0
   <rm-8/><rpMid/>       0.00      0.00      0.00        10
       <rpEndSub/>       0.64      0.22      0.32       603

       avg / total       0.93      0.95      0.94     47604

%%%%%%%%%%
7
                    precision    recall  f1-score   support

              <e/>       0.96      0.86      0.90      3916
              <f/>       0.95      0.99      0.97     41139
<rm-1/><rpEndDel/>       0.00      0.00      0.00        52
<rm-1/><rpEndSub/>       0.82      0.58      0.68       910
   <rm-1/><rpMid/>       0.00      0.00      0.00       132
<rm-2/><rpEndDel/>       0.00      0.00      0.00        24
<rm-2/><rpEndSub/>       0.64      0.55      0.59       214
   <rm-2/><rpMid/>       0.60      0.32      0.42       221
<rm-3/><rpEndDel/>       0.00      0.00      0.00        15
<rm-3/><rpEndSub/>       0.50      0.33      0.40        57
   <rm-3/><rpMid/>       0.66      0.17      0.27       124
<rm-4/><rpEndDel/>       0.00      0.00      0.00         8
<rm-4/><rpEndSub/>       0.50      0.09      0.15        22
   <rm-4/><rpMid/>       0.24      0.08      0.12        65
<rm-5/><rpEndDel/>       0.00      0.00      0.00         0
<rm-5/><rpEndSub/>       0.00      0.00      0.00        15
   <rm-5/><rpMid/>       0.00      0.00      0.00        35
<rm-6/><rpEndDel/>       0.00      0.00      0.00         0
<rm-6/><rpEndSub/>       0.00      0.00      0.00         4
   <rm-6/><rpMid/>       0.00      0.00      0.00        24
<rm-7/><rpEndDel/>       0.00      0.00      0.00         0
<rm-7/><rpEndSub/>       0.00      0.00      0.00         2
   <rm-7/><rpMid/>       0.00      0.00      0.00        11
<rm-8/><rpEndDel/>       0.00      0.00      0.00         1
<rm-8/><rpEndSub/>       0.00      0.00      0.00         0
   <rm-8/><rpMid/>       0.00      0.00      0.00        10
       <rpEndSub/>       0.65      0.23      0.34       603

       avg / total       0.94      0.95      0.94     47604

%%%%%%%%%%
8
                    precision    recall  f1-score   support

              <e/>       0.96      0.86      0.91      3916
              <f/>       0.95      0.99      0.97     41139
<rm-1/><rpEndDel/>       0.00      0.00      0.00        52
<rm-1/><rpEndSub/>       0.82      0.59      0.69       910
   <rm-1/><rpMid/>       0.00      0.00      0.00       132
<rm-2/><rpEndDel/>       0.00      0.00      0.00        24
<rm-2/><rpEndSub/>       0.65      0.58      0.61       214
   <rm-2/><rpMid/>       0.59      0.31      0.41       221
<rm-3/><rpEndDel/>       0.00      0.00      0.00        15
<rm-3/><rpEndSub/>       0.53      0.35      0.42        57
   <rm-3/><rpMid/>       0.70      0.19      0.29       124
<rm-4/><rpEndDel/>       0.00      0.00      0.00         8
<rm-4/><rpEndSub/>       0.75      0.14      0.23        22
   <rm-4/><rpMid/>       0.25      0.09      0.13        65
<rm-5/><rpEndDel/>       0.00      0.00      0.00         0
<rm-5/><rpEndSub/>       0.00      0.00      0.00        15
   <rm-5/><rpMid/>       0.00      0.00      0.00        35
<rm-6/><rpEndDel/>       0.00      0.00      0.00         0
<rm-6/><rpEndSub/>       0.00      0.00      0.00         4
   <rm-6/><rpMid/>       0.00      0.00      0.00        24
<rm-7/><rpEndDel/>       0.00      0.00      0.00         0
<rm-7/><rpEndSub/>       0.00      0.00      0.00         2
   <rm-7/><rpMid/>       0.00      0.00      0.00        11
<rm-8/><rpEndDel/>       0.00      0.00      0.00         1
<rm-8/><rpEndSub/>       0.00      0.00      0.00         0
   <rm-8/><rpMid/>       0.00      0.00      0.00        10
       <rpEndSub/>       0.65      0.23      0.34       603

       avg / total       0.94      0.95      0.94     47604

%%%%%%%%%%
9
                    precision    recall  f1-score   support

              <e/>       0.96      0.86      0.91      3916
              <f/>       0.95      0.99      0.97     41139
<rm-1/><rpEndDel/>       0.00      0.00      0.00        52
<rm-1/><rpEndSub/>       0.82      0.60      0.69       910
   <rm-1/><rpMid/>       0.00      0.00      0.00       132
<rm-2/><rpEndDel/>       0.00      0.00      0.00        24
<rm-2/><rpEndSub/>       0.66      0.59      0.62       214
   <rm-2/><rpMid/>       0.63      0.33      0.43       221
<rm-3/><rpEndDel/>       0.00      0.00      0.00        15
<rm-3/><rpEndSub/>       0.56      0.35      0.43        57
   <rm-3/><rpMid/>       0.70      0.21      0.32       124
<rm-4/><rpEndDel/>       0.00      0.00      0.00         8
<rm-4/><rpEndSub/>       0.44      0.18      0.26        22
   <rm-4/><rpMid/>       0.33      0.11      0.16        65
<rm-5/><rpEndDel/>       0.00      0.00      0.00         0
<rm-5/><rpEndSub/>       0.00      0.00      0.00        15
   <rm-5/><rpMid/>       0.00      0.00      0.00        35
<rm-6/><rpEndDel/>       0.00      0.00      0.00         0
<rm-6/><rpEndSub/>       0.00      0.00      0.00         4
   <rm-6/><rpMid/>       0.00      0.00      0.00        24
<rm-7/><rpEndDel/>       0.00      0.00      0.00         0
<rm-7/><rpEndSub/>       0.00      0.00      0.00         2
   <rm-7/><rpMid/>       0.00      0.00      0.00        11
<rm-8/><rpEndDel/>       0.00      0.00      0.00         1
<rm-8/><rpEndSub/>       0.00      0.00      0.00         0
   <rm-8/><rpMid/>       0.00      0.00      0.00        10
       <rpEndSub/>       0.65      0.23      0.34       603

       avg / total       0.94      0.95      0.94     47604

%%%%%%%%%%
10
                    precision    recall  f1-score   support

              <e/>       0.96      0.86      0.91      3916
              <f/>       0.95      0.99      0.97     41139
<rm-1/><rpEndDel/>       0.00      0.00      0.00        52
<rm-1/><rpEndSub/>       0.82      0.60      0.69       910
   <rm-1/><rpMid/>       0.00      0.00      0.00       132
<rm-2/><rpEndDel/>       0.00      0.00      0.00        24
<rm-2/><rpEndSub/>       0.67      0.61      0.64       214
   <rm-2/><rpMid/>       0.61      0.32      0.42       221
<rm-3/><rpEndDel/>       0.00      0.00      0.00        15
<rm-3/><rpEndSub/>       0.54      0.33      0.41        57
   <rm-3/><rpMid/>       0.68      0.22      0.33       124
<rm-4/><rpEndDel/>       0.00      0.00      0.00         8
<rm-4/><rpEndSub/>       0.40      0.18      0.25        22
   <rm-4/><rpMid/>       0.30      0.11      0.16        65
<rm-5/><rpEndDel/>       0.00      0.00      0.00         0
<rm-5/><rpEndSub/>       0.00      0.00      0.00        15
   <rm-5/><rpMid/>       0.00      0.00      0.00        35
<rm-6/><rpEndDel/>       0.00      0.00      0.00         0
<rm-6/><rpEndSub/>       0.00      0.00      0.00         4
   <rm-6/><rpMid/>       0.00      0.00      0.00        24
<rm-7/><rpEndDel/>       0.00      0.00      0.00         0
<rm-7/><rpEndSub/>       0.00      0.00      0.00         2
   <rm-7/><rpMid/>       0.00      0.00      0.00        11
<rm-8/><rpEndDel/>       0.00      0.00      0.00         1
<rm-8/><rpEndSub/>       0.00      0.00      0.00         0
   <rm-8/><rpMid/>       0.00      0.00      0.00        10
       <rpEndSub/>       0.64      0.24      0.35       603

       avg / total       0.94      0.95      0.94     47604

%%%%%%%%%%
11
                    precision    recall  f1-score   support

              <e/>       0.95      0.87      0.91      3916
              <f/>       0.96      0.99      0.97     41139
<rm-1/><rpEndDel/>       0.00      0.00      0.00        52
<rm-1/><rpEndSub/>       0.81      0.59      0.69       910
   <rm-1/><rpMid/>       0.20      0.01      0.01       132
<rm-2/><rpEndDel/>       0.00      0.00      0.00        24
<rm-2/><rpEndSub/>       0.66      0.60      0.63       214
   <rm-2/><rpMid/>       0.60      0.30      0.40       221
<rm-3/><rpEndDel/>       0.00      0.00      0.00        15
<rm-3/><rpEndSub/>       0.53      0.33      0.41        57
   <rm-3/><rpMid/>       0.72      0.23      0.34       124
<rm-4/><rpEndDel/>       0.00      0.00      0.00         8
<rm-4/><rpEndSub/>       0.33      0.18      0.24        22
   <rm-4/><rpMid/>       0.26      0.11      0.15        65
<rm-5/><rpEndDel/>       0.00      0.00      0.00         0
<rm-5/><rpEndSub/>       0.00      0.00      0.00        15
   <rm-5/><rpMid/>       0.00      0.00      0.00        35
<rm-6/><rpEndDel/>       0.00      0.00      0.00         0
<rm-6/><rpEndSub/>       0.00      0.00      0.00         4
   <rm-6/><rpMid/>       0.00      0.00      0.00        24
<rm-7/><rpEndDel/>       0.00      0.00      0.00         0
<rm-7/><rpEndSub/>       0.00      0.00      0.00         2
   <rm-7/><rpMid/>       0.00      0.00      0.00        11
<rm-8/><rpEndDel/>       0.00      0.00      0.00         1
<rm-8/><rpEndSub/>       0.00      0.00      0.00         0
   <rm-8/><rpMid/>       0.00      0.00      0.00        10
       <rpEndSub/>       0.63      0.25      0.36       603

       avg / total       0.94      0.95      0.94     47604

%%%%%%%%%%
12
                    precision    recall  f1-score   support

              <e/>       0.95      0.87      0.91      3916
              <f/>       0.96      0.99      0.97     41139
<rm-1/><rpEndDel/>       0.00      0.00      0.00        52
<rm-1/><rpEndSub/>       0.81      0.60      0.69       910
   <rm-1/><rpMid/>       0.14      0.01      0.01       132
<rm-2/><rpEndDel/>       0.00      0.00      0.00        24
<rm-2/><rpEndSub/>       0.66      0.60      0.63       214
   <rm-2/><rpMid/>       0.60      0.31      0.41       221
<rm-3/><rpEndDel/>       0.00      0.00      0.00        15
<rm-3/><rpEndSub/>       0.53      0.37      0.43        57
   <rm-3/><rpMid/>       0.75      0.22      0.34       124
<rm-4/><rpEndDel/>       0.00      0.00      0.00         8
<rm-4/><rpEndSub/>       0.30      0.14      0.19        22
   <rm-4/><rpMid/>       0.27      0.11      0.15        65
<rm-5/><rpEndDel/>       0.00      0.00      0.00         0
<rm-5/><rpEndSub/>       1.00      0.07      0.12        15
   <rm-5/><rpMid/>       0.00      0.00      0.00        35
<rm-6/><rpEndDel/>       0.00      0.00      0.00         0
<rm-6/><rpEndSub/>       0.00      0.00      0.00         4
   <rm-6/><rpMid/>       0.00      0.00      0.00        24
<rm-7/><rpEndDel/>       0.00      0.00      0.00         0
<rm-7/><rpEndSub/>       0.00      0.00      0.00         2
   <rm-7/><rpMid/>       0.00      0.00      0.00        11
<rm-8/><rpEndDel/>       0.00      0.00      0.00         1
<rm-8/><rpEndSub/>       0.00      0.00      0.00         0
   <rm-8/><rpMid/>       0.00      0.00      0.00        10
       <rpEndSub/>       0.61      0.25      0.36       603

       avg / total       0.94      0.95      0.94     47604

%%%%%%%%%%
13
                    precision    recall  f1-score   support

              <e/>       0.95      0.87      0.91      3916
              <f/>       0.96      0.99      0.97     41139
<rm-1/><rpEndDel/>       0.00      0.00      0.00        52
<rm-1/><rpEndSub/>       0.80      0.60      0.69       910
   <rm-1/><rpMid/>       0.14      0.01      0.01       132
<rm-2/><rpEndDel/>       0.00      0.00      0.00        24
<rm-2/><rpEndSub/>       0.66      0.61      0.64       214
   <rm-2/><rpMid/>       0.59      0.31      0.41       221
<rm-3/><rpEndDel/>       0.00      0.00      0.00        15
<rm-3/><rpEndSub/>       0.51      0.39      0.44        57
   <rm-3/><rpMid/>       0.73      0.19      0.31       124
<rm-4/><rpEndDel/>       0.00      0.00      0.00         8
<rm-4/><rpEndSub/>       0.30      0.14      0.19        22
   <rm-4/><rpMid/>       0.31      0.12      0.18        65
<rm-5/><rpEndDel/>       0.00      0.00      0.00         0
<rm-5/><rpEndSub/>       1.00      0.13      0.24        15
   <rm-5/><rpMid/>       0.00      0.00      0.00        35
<rm-6/><rpEndDel/>       0.00      0.00      0.00         0
<rm-6/><rpEndSub/>       0.00      0.00      0.00         4
   <rm-6/><rpMid/>       0.00      0.00      0.00        24
<rm-7/><rpEndDel/>       0.00      0.00      0.00         0
<rm-7/><rpEndSub/>       0.00      0.00      0.00         2
   <rm-7/><rpMid/>       0.00      0.00      0.00        11
<rm-8/><rpEndDel/>       0.00      0.00      0.00         1
<rm-8/><rpEndSub/>       0.00      0.00      0.00         0
   <rm-8/><rpMid/>       0.00      0.00      0.00        10
       <rpEndSub/>       0.59      0.25      0.35       603

       avg / total       0.94      0.95      0.94     47604

%%%%%%%%%%
14
                    precision    recall  f1-score   support

              <e/>       0.95      0.86      0.91      3916
              <f/>       0.96      0.99      0.97     41139
<rm-1/><rpEndDel/>       0.00      0.00      0.00        52
<rm-1/><rpEndSub/>       0.79      0.61      0.69       910
   <rm-1/><rpMid/>       0.12      0.01      0.01       132
<rm-2/><rpEndDel/>       0.00      0.00      0.00        24
<rm-2/><rpEndSub/>       0.67      0.62      0.64       214
   <rm-2/><rpMid/>       0.59      0.32      0.41       221
<rm-3/><rpEndDel/>       0.00      0.00      0.00        15
<rm-3/><rpEndSub/>       0.51      0.37      0.43        57
   <rm-3/><rpMid/>       0.69      0.18      0.28       124
<rm-4/><rpEndDel/>       0.00      0.00      0.00         8
<rm-4/><rpEndSub/>       0.27      0.14      0.18        22
   <rm-4/><rpMid/>       0.31      0.12      0.18        65
<rm-5/><rpEndDel/>       0.00      0.00      0.00         0
<rm-5/><rpEndSub/>       1.00      0.07      0.12        15
   <rm-5/><rpMid/>       0.17      0.03      0.05        35
<rm-6/><rpEndDel/>       0.00      0.00      0.00         0
<rm-6/><rpEndSub/>       0.00      0.00      0.00         4
   <rm-6/><rpMid/>       0.00      0.00      0.00        24
<rm-7/><rpEndDel/>       0.00      0.00      0.00         0
<rm-7/><rpEndSub/>       0.00      0.00      0.00         2
   <rm-7/><rpMid/>       0.00      0.00      0.00        11
<rm-8/><rpEndDel/>       0.00      0.00      0.00         1
<rm-8/><rpEndSub/>       0.00      0.00      0.00         0
   <rm-8/><rpMid/>       0.00      0.00      0.00        10
       <rpEndSub/>       0.57      0.25      0.35       603

       avg / total       0.94      0.95      0.94     47604

%%%%%%%%%%
15
                    precision    recall  f1-score   support

              <e/>       0.95      0.86      0.90      3916
              <f/>       0.96      0.99      0.97     41139
<rm-1/><rpEndDel/>       0.00      0.00      0.00        52
<rm-1/><rpEndSub/>       0.80      0.61      0.69       910
   <rm-1/><rpMid/>       0.18      0.02      0.03       132
<rm-2/><rpEndDel/>       0.00      0.00      0.00        24
<rm-2/><rpEndSub/>       0.66      0.61      0.63       214
   <rm-2/><rpMid/>       0.59      0.32      0.42       221
<rm-3/><rpEndDel/>       0.00      0.00      0.00        15
<rm-3/><rpEndSub/>       0.50      0.37      0.42        57
   <rm-3/><rpMid/>       0.64      0.17      0.27       124
<rm-4/><rpEndDel/>       0.00      0.00      0.00         8
<rm-4/><rpEndSub/>       0.40      0.18      0.25        22
   <rm-4/><rpMid/>       0.33      0.12      0.18        65
<rm-5/><rpEndDel/>       0.00      0.00      0.00         0
<rm-5/><rpEndSub/>       1.00      0.07      0.12        15
   <rm-5/><rpMid/>       0.12      0.03      0.05        35
<rm-6/><rpEndDel/>       0.00      0.00      0.00         0
<rm-6/><rpEndSub/>       0.00      0.00      0.00         4
   <rm-6/><rpMid/>       0.00      0.00      0.00        24
<rm-7/><rpEndDel/>       0.00      0.00      0.00         0
<rm-7/><rpEndSub/>       0.00      0.00      0.00         2
   <rm-7/><rpMid/>       0.00      0.00      0.00        11
<rm-8/><rpEndDel/>       0.00      0.00      0.00         1
<rm-8/><rpEndSub/>       0.00      0.00      0.00         0
   <rm-8/><rpMid/>       0.00      0.00      0.00        10
       <rpEndSub/>       0.56      0.25      0.35       603

       avg / total       0.94      0.95      0.94     47604

%%%%%%%%%%
16
                    precision    recall  f1-score   support

              <e/>       0.95      0.86      0.90      3916
              <f/>       0.96      0.99      0.97     41139
<rm-1/><rpEndDel/>       0.00      0.00      0.00        52
<rm-1/><rpEndSub/>       0.81      0.61      0.69       910
   <rm-1/><rpMid/>       0.11      0.01      0.01       132
<rm-2/><rpEndDel/>       0.00      0.00      0.00        24
<rm-2/><rpEndSub/>       0.67      0.60      0.63       214
   <rm-2/><rpMid/>       0.57      0.32      0.41       221
<rm-3/><rpEndDel/>       0.00      0.00      0.00        15
<rm-3/><rpEndSub/>       0.51      0.37      0.43        57
   <rm-3/><rpMid/>       0.57      0.16      0.25       124
<rm-4/><rpEndDel/>       0.00      0.00      0.00         8
<rm-4/><rpEndSub/>       0.44      0.18      0.26        22
   <rm-4/><rpMid/>       0.31      0.12      0.18        65
<rm-5/><rpEndDel/>       0.00      0.00      0.00         0
<rm-5/><rpEndSub/>       1.00      0.07      0.12        15
   <rm-5/><rpMid/>       0.11      0.03      0.05        35
<rm-6/><rpEndDel/>       0.00      0.00      0.00         0
<rm-6/><rpEndSub/>       0.00      0.00      0.00         4
   <rm-6/><rpMid/>       0.00      0.00      0.00        24
<rm-7/><rpEndDel/>       0.00      0.00      0.00         0
<rm-7/><rpEndSub/>       0.00      0.00      0.00         2
   <rm-7/><rpMid/>       0.00      0.00      0.00        11
<rm-8/><rpEndDel/>       0.00      0.00      0.00         1
<rm-8/><rpEndSub/>       0.00      0.00      0.00         0
   <rm-8/><rpMid/>       0.00      0.00      0.00        10
       <rpEndSub/>       0.57      0.26      0.35       603

       avg / total       0.94      0.95      0.94     47604

%%%%%%%%%%
17
                    precision    recall  f1-score   support

              <e/>       0.95      0.86      0.90      3916
              <f/>       0.96      0.99      0.97     41139
<rm-1/><rpEndDel/>       0.00      0.00      0.00        52
<rm-1/><rpEndSub/>       0.81      0.61      0.70       910
   <rm-1/><rpMid/>       0.20      0.02      0.03       132
<rm-2/><rpEndDel/>       0.00      0.00      0.00        24
<rm-2/><rpEndSub/>       0.68      0.60      0.64       214
   <rm-2/><rpMid/>       0.57      0.32      0.41       221
<rm-3/><rpEndDel/>       0.00      0.00      0.00        15
<rm-3/><rpEndSub/>       0.51      0.35      0.42        57
   <rm-3/><rpMid/>       0.56      0.16      0.25       124
<rm-4/><rpEndDel/>       0.00      0.00      0.00         8
<rm-4/><rpEndSub/>       0.44      0.18      0.26        22
   <rm-4/><rpMid/>       0.31      0.12      0.18        65
<rm-5/><rpEndDel/>       0.00      0.00      0.00         0
<rm-5/><rpEndSub/>       1.00      0.07      0.12        15
   <rm-5/><rpMid/>       0.12      0.03      0.05        35
<rm-6/><rpEndDel/>       0.00      0.00      0.00         0
<rm-6/><rpEndSub/>       0.00      0.00      0.00         4
   <rm-6/><rpMid/>       0.00      0.00      0.00        24
<rm-7/><rpEndDel/>       0.00      0.00      0.00         0
<rm-7/><rpEndSub/>       0.00      0.00      0.00         2
   <rm-7/><rpMid/>       0.00      0.00      0.00        11
<rm-8/><rpEndDel/>       0.00      0.00      0.00         1
<rm-8/><rpEndSub/>       0.00      0.00      0.00         0
   <rm-8/><rpMid/>       0.00      0.00      0.00        10
       <rpEndSub/>       0.56      0.26      0.36       603

       avg / total       0.94      0.95      0.94     47604

%%%%%%%%%%
18
                    precision    recall  f1-score   support

              <e/>       0.95      0.86      0.90      3916
              <f/>       0.96      0.99      0.97     41139
<rm-1/><rpEndDel/>       0.00      0.00      0.00        52
<rm-1/><rpEndSub/>       0.81      0.61      0.69       910
   <rm-1/><rpMid/>       0.20      0.02      0.03       132
<rm-2/><rpEndDel/>       0.00      0.00      0.00        24
<rm-2/><rpEndSub/>       0.69      0.60      0.64       214
   <rm-2/><rpMid/>       0.55      0.30      0.39       221
<rm-3/><rpEndDel/>       0.00      0.00      0.00        15
<rm-3/><rpEndSub/>       0.51      0.35      0.42        57
   <rm-3/><rpMid/>       0.51      0.15      0.23       124
<rm-4/><rpEndDel/>       0.00      0.00      0.00         8
<rm-4/><rpEndSub/>       0.40      0.18      0.25        22
   <rm-4/><rpMid/>       0.32      0.14      0.19        65
<rm-5/><rpEndDel/>       0.00      0.00      0.00         0
<rm-5/><rpEndSub/>       1.00      0.07      0.12        15
   <rm-5/><rpMid/>       0.12      0.03      0.05        35
<rm-6/><rpEndDel/>       0.00      0.00      0.00         0
<rm-6/><rpEndSub/>       0.00      0.00      0.00         4
   <rm-6/><rpMid/>       0.00      0.00      0.00        24
<rm-7/><rpEndDel/>       0.00      0.00      0.00         0
<rm-7/><rpEndSub/>       0.00      0.00      0.00         2
   <rm-7/><rpMid/>       0.00      0.00      0.00        11
<rm-8/><rpEndDel/>       0.00      0.00      0.00         1
<rm-8/><rpEndSub/>       0.00      0.00      0.00         0
   <rm-8/><rpMid/>       0.00      0.00      0.00        10
       <rpEndSub/>       0.56      0.26      0.36       603

       avg / total       0.94      0.95      0.94     47604

%%%%%%%%%%
19
                    precision    recall  f1-score   support

              <e/>       0.95      0.85      0.90      3916
              <f/>       0.95      0.99      0.97     41139
<rm-1/><rpEndDel/>       0.00      0.00      0.00        52
<rm-1/><rpEndSub/>       0.81      0.61      0.69       910
   <rm-1/><rpMid/>       0.20      0.02      0.03       132
<rm-2/><rpEndDel/>       0.00      0.00      0.00        24
<rm-2/><rpEndSub/>       0.67      0.59      0.63       214
   <rm-2/><rpMid/>       0.56      0.31      0.40       221
<rm-3/><rpEndDel/>       0.00      0.00      0.00        15
<rm-3/><rpEndSub/>       0.51      0.35      0.42        57
   <rm-3/><rpMid/>       0.47      0.15      0.22       124
<rm-4/><rpEndDel/>       0.00      0.00      0.00         8
<rm-4/><rpEndSub/>       0.50      0.27      0.35        22
   <rm-4/><rpMid/>       0.33      0.14      0.20        65
<rm-5/><rpEndDel/>       0.00      0.00      0.00         0
<rm-5/><rpEndSub/>       0.00      0.00      0.00        15
   <rm-5/><rpMid/>       0.12      0.03      0.05        35
<rm-6/><rpEndDel/>       0.00      0.00      0.00         0
<rm-6/><rpEndSub/>       0.00      0.00      0.00         4
   <rm-6/><rpMid/>       0.00      0.00      0.00        24
<rm-7/><rpEndDel/>       0.00      0.00      0.00         0
<rm-7/><rpEndSub/>       0.00      0.00      0.00         2
   <rm-7/><rpMid/>       0.00      0.00      0.00        11
<rm-8/><rpEndDel/>       0.00      0.00      0.00         1
<rm-8/><rpEndSub/>       0.00      0.00      0.00         0
   <rm-8/><rpMid/>       0.00      0.00      0.00        10
       <rpEndSub/>       0.55      0.26      0.35       603

       avg / total       0.93      0.95      0.94     47604

%%%%%%%%%%
20
                    precision    recall  f1-score   support

              <e/>       0.95      0.85      0.90      3916
              <f/>       0.95      0.99      0.97     41139
<rm-1/><rpEndDel/>       0.00      0.00      0.00        52
<rm-1/><rpEndSub/>       0.81      0.61      0.69       910
   <rm-1/><rpMid/>       0.20      0.02      0.03       132
<rm-2/><rpEndDel/>       0.00      0.00      0.00        24
<rm-2/><rpEndSub/>       0.66      0.60      0.63       214
   <rm-2/><rpMid/>       0.54      0.29      0.38       221
<rm-3/><rpEndDel/>       0.00      0.00      0.00        15
<rm-3/><rpEndSub/>       0.49      0.35      0.41        57
   <rm-3/><rpMid/>       0.46      0.15      0.22       124
<rm-4/><rpEndDel/>       0.00      0.00      0.00         8
<rm-4/><rpEndSub/>       0.58      0.32      0.41        22
   <rm-4/><rpMid/>       0.33      0.12      0.18        65
<rm-5/><rpEndDel/>       0.00      0.00      0.00         0
<rm-5/><rpEndSub/>       0.00      0.00      0.00        15
   <rm-5/><rpMid/>       0.11      0.03      0.05        35
<rm-6/><rpEndDel/>       0.00      0.00      0.00         0
<rm-6/><rpEndSub/>       0.00      0.00      0.00         4
   <rm-6/><rpMid/>       0.00      0.00      0.00        24
<rm-7/><rpEndDel/>       0.00      0.00      0.00         0
<rm-7/><rpEndSub/>       0.00      0.00      0.00         2
   <rm-7/><rpMid/>       0.00      0.00      0.00        11
<rm-8/><rpEndDel/>       0.00      0.00      0.00         1
<rm-8/><rpEndSub/>       0.00      0.00      0.00         0
   <rm-8/><rpMid/>       0.00      0.00      0.00        10
       <rpEndSub/>       0.55      0.26      0.35       603

       avg / total       0.93      0.95      0.94     47604

%%%%%%%%%%
21
                    precision    recall  f1-score   support

              <e/>       0.94      0.85      0.89      3916
              <f/>       0.95      0.99      0.97     41139
<rm-1/><rpEndDel/>       0.00      0.00      0.00        52
<rm-1/><rpEndSub/>       0.81      0.61      0.69       910
   <rm-1/><rpMid/>       0.18      0.02      0.03       132
<rm-2/><rpEndDel/>       0.00      0.00      0.00        24
<rm-2/><rpEndSub/>       0.66      0.59      0.62       214
   <rm-2/><rpMid/>       0.53      0.30      0.38       221
<rm-3/><rpEndDel/>       0.00      0.00      0.00        15
<rm-3/><rpEndSub/>       0.42      0.35      0.38        57
   <rm-3/><rpMid/>       0.41      0.14      0.21       124
<rm-4/><rpEndDel/>       0.00      0.00      0.00         8
<rm-4/><rpEndSub/>       0.57      0.36      0.44        22
   <rm-4/><rpMid/>       0.32      0.11      0.16        65
<rm-5/><rpEndDel/>       0.00      0.00      0.00         0
<rm-5/><rpEndSub/>       1.00      0.07      0.12        15
   <rm-5/><rpMid/>       0.11      0.03      0.05        35
<rm-6/><rpEndDel/>       0.00      0.00      0.00         0
<rm-6/><rpEndSub/>       0.00      0.00      0.00         4
   <rm-6/><rpMid/>       0.00      0.00      0.00        24
<rm-7/><rpEndDel/>       0.00      0.00      0.00         0
<rm-7/><rpEndSub/>       0.00      0.00      0.00         2
   <rm-7/><rpMid/>       0.00      0.00      0.00        11
<rm-8/><rpEndDel/>       0.00      0.00      0.00         1
<rm-8/><rpEndSub/>       0.00      0.00      0.00         0
   <rm-8/><rpMid/>       0.00      0.00      0.00        10
       <rpEndSub/>       0.54      0.26      0.35       603

       avg / total       0.93      0.94      0.94     47604

%%%%%%%%%%
22
                    precision    recall  f1-score   support

              <e/>       0.94      0.85      0.89      3916
              <f/>       0.96      0.99      0.97     41139
<rm-1/><rpEndDel/>       0.00      0.00      0.00        52
<rm-1/><rpEndSub/>       0.81      0.61      0.69       910
   <rm-1/><rpMid/>       0.23      0.02      0.04       132
<rm-2/><rpEndDel/>       0.00      0.00      0.00        24
<rm-2/><rpEndSub/>       0.66      0.59      0.62       214
   <rm-2/><rpMid/>       0.52      0.30      0.38       221
<rm-3/><rpEndDel/>       0.00      0.00      0.00        15
<rm-3/><rpEndSub/>       0.40      0.33      0.36        57
   <rm-3/><rpMid/>       0.37      0.12      0.18       124
<rm-4/><rpEndDel/>       0.00      0.00      0.00         8
<rm-4/><rpEndSub/>       0.54      0.32      0.40        22
   <rm-4/><rpMid/>       0.30      0.11      0.16        65
<rm-5/><rpEndDel/>       0.00      0.00      0.00         0
<rm-5/><rpEndSub/>       1.00      0.07      0.12        15
   <rm-5/><rpMid/>       0.10      0.03      0.04        35
<rm-6/><rpEndDel/>       0.00      0.00      0.00         0
<rm-6/><rpEndSub/>       0.00      0.00      0.00         4
   <rm-6/><rpMid/>       0.00      0.00      0.00        24
<rm-7/><rpEndDel/>       0.00      0.00      0.00         0
<rm-7/><rpEndSub/>       0.00      0.00      0.00         2
   <rm-7/><rpMid/>       0.00      0.00      0.00        11
<rm-8/><rpEndDel/>       0.00      0.00      0.00         1
<rm-8/><rpEndSub/>       0.00      0.00      0.00         0
   <rm-8/><rpMid/>       0.00      0.00      0.00        10
       <rpEndSub/>       0.51      0.26      0.35       603

       avg / total       0.93      0.94      0.94     47604

%%%%%%%%%%
23
                    precision    recall  f1-score   support

              <e/>       0.94      0.85      0.89      3916
              <f/>       0.95      0.99      0.97     41139
<rm-1/><rpEndDel/>       0.00      0.00      0.00        52
<rm-1/><rpEndSub/>       0.80      0.61      0.69       910
   <rm-1/><rpMid/>       0.23      0.02      0.04       132
<rm-2/><rpEndDel/>       0.00      0.00      0.00        24
<rm-2/><rpEndSub/>       0.66      0.59      0.63       214
   <rm-2/><rpMid/>       0.53      0.30      0.38       221
<rm-3/><rpEndDel/>       0.00      0.00      0.00        15
<rm-3/><rpEndSub/>       0.42      0.35      0.38        57
   <rm-3/><rpMid/>       0.40      0.14      0.20       124
<rm-4/><rpEndDel/>       0.00      0.00      0.00         8
<rm-4/><rpEndSub/>       0.50      0.27      0.35        22
   <rm-4/><rpMid/>       0.32      0.11      0.16        65
<rm-5/><rpEndDel/>       0.00      0.00      0.00         0
<rm-5/><rpEndSub/>       0.00      0.00      0.00        15
   <rm-5/><rpMid/>       0.11      0.03      0.05        35
<rm-6/><rpEndDel/>       0.00      0.00      0.00         0
<rm-6/><rpEndSub/>       0.00      0.00      0.00         4
   <rm-6/><rpMid/>       0.00      0.00      0.00        24
<rm-7/><rpEndDel/>       0.00      0.00      0.00         0
<rm-7/><rpEndSub/>       0.00      0.00      0.00         2
   <rm-7/><rpMid/>       0.00      0.00      0.00        11
<rm-8/><rpEndDel/>       0.00      0.00      0.00         1
<rm-8/><rpEndSub/>       0.00      0.00      0.00         0
   <rm-8/><rpMid/>       0.00      0.00      0.00        10
       <rpEndSub/>       0.51      0.27      0.36       603

       avg / total       0.93      0.94      0.94     47604

%%%%%%%%%%
