4108	105	1	105	3	105	3	105	3		p1
4109	21	1	21	2	21	2	21	5		p1
4109	24	1	24	3	24	3	24	5		p1
4109	88	1	88	3	88	3	88	5		p1
4109	95	20	95	21	95	21	95	21		p1
4109	107	27	107	31	107	31	107	37		p1
4152	39	23	39	25	39	37	39	39		p1
4028	2	5	2	8	2	8	2	13		p1
4049	0	37	0	38	0	38	0	38		p1
4626	112	5	112	6	112	6	112	12		p1
4019	122	6	122	11	122	11	122	18		p1
4033	38	9	38	10	38	10	38	10		p1
4033	42	6	42	10	42	12	42	12		p1
4074	12	7	12	8	12	8	12	8		p1
4101	32	8	32	9	32	11	32	13		p1
4101	39	24	39	25	39	26	39	26		p1
4880	14	3	14	7	14	7	14	8		p1
4880	14	19	14	20	14	20	14	20		p1
4880	35	10	35	14	35	14	35	14		p1
4890	91	5	91	7	91	7	91	7		p1
4908	6	6	6	7	6	16	17	18		p1
4079	58	3	58	4	58	5	58	6		p1
4079	109	6	109	7	109	7	109	8		p1
4736	13	35	13	38	13	41	13	41		p1
4736	18	30	18	31	18	31	18	31		p1
4736	45	28	45	29	45	29	45	29		p1
4765	28	24	28	25	28	25	28	25		p1
4765	36	38	36	39	36	40	36	42		p1
4004	77	17	77	18	77	33	77	34		p1
4004	77	35	77	40	77	40	77	45		p1
4698	12	25	12	26	12	26	12	26		p1
4725	53	31	53	32	53	38	53	38		p1
4725	59	3	59	4	59	4	59	4		p1
4725	66	23	66	24	66	24	66	24		p1
4725	69	1	69	2	69	2	69	2		p1
4859	61	17	61	19	61	21	61	21		p1
4072	5	0	5	1	5	1	5	2		p1
4072	42	11	42	12	42	12	42	12		p1
4072	54	6	54	7	54	7	54	7		p1
4072	78	17	78	18	78	18	78	19		p1
4548	64	1	64	3	64	3	64	3		p1
4728	34	0	34	7	34	7	34	14		p1
4728	140	13	140	14	140	14	140	14		p1
4728	157	6	157	11	157	11	157	12		p1
4876	39	22	39	23	39	23	39	24		p1
4876	53	4	53	5	53	5	53	5		p1
4051	29	33	29	34	29	34	29	34		p1
4064	41	25	41	26	41	26	41	27		p1
4064	87	15	87	21	87	25	87	25		p1
4565	97	0	97	2	97	3	97	5		p1
4565	101	0	101	1	101	1	101	1		p1
4902	24	21	24	22	24	22	24	22		p1
4902	56	1	56	3	56	3	56	5		p1
4936	31	15	31	16	31	16	31	16		p1
4936	89	7	89	8	89	10	89	10		p1
4032	127	8	127	13	127	13	127	20		p1
4050	86	11	86	12	86	12	86	12		p1
4077	115	39	115	40	115	44	115	44		p1
4785	80	17	80	18	80	18	80	19		p1
4812	53	8	53	9	53	9	53	10		p1
4812	55	22	55	26	55	27	55	30		p1
4812	82	9	82	11	82	14	82	14		p1
4812	106	11	106	12	106	12	106	12		p1
4092	5	17	5	18	5	18	5	19		p1
4092	63	1	63	6	65	4	65	8		p1
4092	173	5	173	6	173	6	173	7		p1
4113	53	18	53	20	53	20	53	20		p1
4679	40	4	40	6	40	8	40	8		p1
4682	93	23	93	24	93	24	93	24		p1
4682	104	27	104	28	104	28	104	29		p1
4697	117	1	117	3	117	5	117	5		p1
4697	137	5	137	6	137	6	137	6		p1
4792	114	0	114	3	114	3	114	5		p1
4792	114	4	114	6	114	6	114	8		p1
4792	135	8	136	0	137	0	137	4		p1
4801	124	3	124	5	125	2	125	4		p1
4858	80	0	81	0	81	0	81	0		p1
4886	53	0	53	4	53	4	53	4		p1
4886	68	16	68	17	68	17	68	17		p1
4618	12	9	12	12	12	12	12	12		p1
4633	105	9	106	0	106	0	106	1		p1
4633	106	10	106	15	106	15	106	19		p1
4691	68	24	68	26	68	28	68	30		p1
4691	116	7	116	8	116	8	116	8		p1
4022	48	22	48	23	48	23	48	24		p1
4114	11	11	11	12	11	12	11	12		p1
4796	46	18	46	26	46	26	46	26		p1
4056	22	14	22	19	22	21	22	24		p1
4056	31	12	32	0	32	0	32	0		p1
4056	117	7	117	12	117	12	117	24		p1
4149	109	15	109	17	109	17	109	19		p1
2095	72	14	72	15	72	15	72	15		p1
2095	121	10	121	13	121	15	121	18		p1
2184	19	20	19	24	19	25	19	27		p1
2789	39	1	39	3	39	10	39	11		p1
3156	103	3	103	4	103	4	103	4		p1
3144	33	30	33	31	33	31	33	31		p1
3144	187	11	187	12	187	12	187	12		p1
3876	80	10	80	14	80	14	80	19		p1
2109	82	56	82	58	82	61	82	62		p1
2395	56	3	56	4	56	11	56	16		p1
2546	19	12	19	14	19	18	19	30		p1
2546	48	39	48	40	48	40	48	42		p1
2775	181	1	181	2	181	6	181	7		p1
2775	186	6	186	15	186	15	186	27		p1
3086	121	21	121	22	121	22	121	23		p1
3154	32	10	32	15	32	18	32	18		p1
3154	73	7	73	12	73	12	73	16		p1
3445	19	1	19	2	19	2	19	7		p1
3925	92	3	92	4	92	6	92	6		p1
2061	151	14	151	16	151	16	151	17		p1
2061	165	8	165	9	165	11	165	13		p1
2061	326	5	326	12	326	12	326	17		p1
2093	103	6	103	7	103	7	103	7		p1
2370	60	14	60	17	60	17	60	20		p1
2406	174	2	174	6	174	9	174	15		p1
2406	249	7	249	8	249	8	249	8		p1
2837	49	20	49	21	49	21	49	21		p1
3080	201	3	201	5	201	5	201	5		p1
3083	71	14	71	15	71	18	71	20		p1
3113	40	13	40	15	40	15	40	15		p1
3306	104	9	104	10	104	14	104	15		p1
3306	129	31	129	32	129	32	129	33		p1
3476	78	13	78	14	78	14	78	15		p1
3476	88	7	88	14	88	14	88	14		p1
3514	51	3	51	8	51	8	51	11		p1
3682	211	14	211	16	211	16	211	17		p1
3887	19	7	19	8	19	8	19	11		p1
3887	46	11	46	15	46	15	46	15		p1
2399	27	3	27	5	27	5	27	19		p1
2429	58	9	58	11	58	14	58	17		p1
2429	114	10	114	11	114	11	114	12		p1
2539	48	4	48	5	48	5	48	5		p1
2604	72	18	72	19	72	19	72	20		p1
2772	35	5	35	6	35	6	35	7		p1
3142	41	39	41	41	41	41	41	47		p1
3219	20	3	20	5	20	5	20	12		p1
3219	85	10	85	12	85	12	85	17		p1
3219	110	7	110	8	110	8	110	9		p1
3252	128	11	128	12	128	15	128	16		p1
3369	63	34	63	35	63	35	63	36		p1
3821	100	0	100	1	100	1	100	2		p1
3862	39	11	39	12	39	12	39	13		p1
3862	45	5	45	6	45	6	45	7		p1
3862	79	19	79	20	79	20	79	21		p1
3862	86	7	86	8	86	8	86	9		p1
3862	88	3	88	4	88	4	88	5		p1
2708	17	7	17	8	17	8	17	13		p1
2708	61	4	61	5	61	5	61	5		p1
2708	86	31	86	32	86	36	86	39		p1
2708	125	0	125	6	125	6	125	9		p1
2708	142	11	142	12	142	12	142	12		p1
2729	48	7	48	8	48	9	48	10		p1
2749	48	11	48	12	48	12	48	12		p1
2759	82	0	82	2	82	2	82	2		p1
3120	52	20	52	24	52	24	52	27		p1
3120	165	5	165	8	165	8	165	9		p1
3134	5	6	5	7	5	7	5	10		p1
3134	189	2	189	3	189	3	189	4		p1
3134	189	3	189	4	189	4	189	5		p1
3146	43	0	43	6	43	6	43	11		p1
3146	45	11	45	13	45	13	45	36		p1
3146	61	13	61	14	61	14	61	15		p1
3146	120	4	120	6	120	14	120	15		p1
3152	18	4	18	11	18	17	18	21		p1
3152	154	1	154	4	154	4	154	4		p1
3169	18	21	18	23	18	23	18	25		p1
3171	81	3	81	5	81	5	81	7		p1
3171	141	3	141	5	141	5	141	7		p1
3174	57	4	57	6	57	6	57	6		p1
3266	73	6	73	7	73	9	73	10		p1
3266	89	2	89	3	89	3	89	6		p1
3324	15	8	15	9	15	9	15	9		p1
3324	20	1	20	2	20	5	20	6		p1
3324	43	2	43	5	43	5	43	6		p1
3495	31	5	31	6	31	6	31	8		p1
3495	49	8	49	9	49	9	49	9		p1
3495	58	6	58	7	58	7	58	9		p1
3508	57	2	57	3	57	3	57	5		p1
3508	75	1	75	3	75	12	75	13		p1
3838	136	16	136	24	136	28	136	28		p1
3962	46	7	46	11	46	14	46	16		p1
3962	64	33	64	35	64	36	64	37		p1
2039	186	15	186	17	186	21	186	21		p1
2039	186	22	186	23	186	33	186	34		p1
2039	193	7	193	9	193	9	193	9		p1
2102	23	19	23	20	23	20	23	21		p1
2102	105	12	105	15	105	15	105	17		p1
2102	142	0	142	2	142	2	142	2		p1
2113	147	9	147	10	147	10	147	11		p1
2275	47	23	47	26	47	26	47	26		p1
2275	91	6	91	7	91	11	91	12		p1
2275	156	17	156	19	156	20	156	22		p1
2275	198	4	198	5	198	5	198	6		p1
2285	41	6	41	9	41	9	41	9		p1
2302	38	3	38	13	38	17	38	21		p1
2336	103	1	103	3	103	7	103	8		p1
2336	140	14	140	16	140	16	140	18		p1
2421	2	32	2	34	2	37	2	39		p1
2421	54	21	54	22	54	25	54	28		p1
2421	134	2	134	3	134	3	134	3		p1
2465	38	19	38	21	38	24	38	25		p1
2465	100	2	100	4	100	4	100	5		p1
2465	231	10	231	12	231	12	231	14		p1
2465	276	11	276	12	276	12	276	15		p1
2465	307	1	307	4	307	4	307	6		p1
2472	86	19	86	20	86	20	86	21		p1
2549	17	28	17	33	17	33	17	41		p1
2549	30	0	30	1	30	6	30	8		p1
2549	57	3	57	5	57	5	57	6		p1
2549	210	2	210	3	210	3	210	4		p1
2676	51	3	51	8	51	8	51	10		p1
2676	268	10	268	14	268	14	268	20		p1
2703	240	3	240	11	240	15	240	18		p1
2703	317	6	317	7	317	11	317	12		p1
2818	106	28	106	30	106	30	106	30		p1
2818	264	21	264	23	264	23	264	25		p1
3081	129	49	129	50	129	50	129	51		p1
3093	16	8	16	10	16	13	16	15		p1
3093	29	5	29	6	29	10	29	10		p1
3093	64	4	64	5	64	5	64	6		p1
3115	61	31	61	32	61	32	61	33		p1
3130	133	1	133	4	133	8	133	10		p1
3130	150	2	150	5	150	10	150	22		p1
3150	12	23	12	28	12	32	12	33		p1
3150	36	1	36	3	36	7	36	9		p1
3150	66	10	66	11	66	11	66	12		p1
3150	122	31	122	32	122	32	122	33		p1
3150	165	30	165	31	165	31	165	32		p1
3235	34	13	34	15	34	15	34	22		p1
3279	43	51	43	58	43	58	43	61		p1
3364	151	2	151	3	151	3	151	4		p1
3367	36	14	36	15	36	15	36	16		p1
3403	104	21	104	22	104	22	104	22		p1
3503	79	2	79	3	79	3	79	6		p1
3526	15	10	15	12	15	13	15	15		p1
3526	97	9	97	15	97	18	97	18		p1
3615	147	2	147	3	147	3	147	3		p1
3660	62	12	62	13	62	16	62	17		p1
3660	96	1	96	3	96	3	96	5		p1
3660	115	10	115	18	115	18	115	26		p1
3660	147	0	147	4	147	4	147	4		p1
3728	160	1	160	3	160	3	160	3		p1
2020	10	8	10	9	10	9	10	10		p1
2020	45	7	45	9	45	11	45	11		p1
2020	99	9	99	10	99	10	99	11		p1
2020	188	0	188	8	188	8	188	14		p1
2073	106	9	106	11	106	11	106	13		p1
2073	178	5	178	11	178	11	178	15		p1
2226	45	15	45	19	45	19	45	20		p1
2252	85	14	85	15	85	15	85	15		p1
2252	95	6	95	7	95	7	95	9		p1
2252	114	4	114	5	114	8	114	9		p1
2252	132	3	132	6	132	6	132	6		p1
2252	150	8	150	14	150	17	150	21		p1
2252	154	0	154	1	154	4	154	4		p1
2252	155	9	155	12	155	12	155	12		p1
2252	156	11	156	13	156	13	156	13		p1
2252	186	4	186	5	186	8	186	9		p1
2252	191	8	191	10	191	10	191	11		p1
2252	218	0	218	1	218	4	218	5		p1
2252	226	10	226	11	226	14	226	15		p1
2252	239	8	239	9	239	9	239	9		p1
2264	73	6	73	7	73	7	73	7		p1
2299	39	2	39	3	39	3	39	9		p1
2362	44	11	44	13	44	13	44	19		p1
2366	53	11	53	13	53	14	53	15		p1
2366	82	6	82	7	82	7	82	8		p1
2366	82	7	82	8	82	11	82	11		p1
2366	87	20	87	25	87	25	87	29		p1
2382	180	4	180	9	180	9	180	14		p1
2479	239	7	239	14	239	15	239	19		p1
2527	89	1	89	2	89	2	89	3		p1
2540	112	0	112	3	112	3	112	3		p1
2598	205	27	205	28	205	28	205	31		p1
2598	265	15	265	17	265	18	265	20		p1
2648	57	18	57	19	57	19	57	19		p1
2657	31	28	31	29	31	29	31	29		p1
2657	31	33	31	34	31	38	31	39		p1
2657	34	31	34	33	34	33	34	36		p1
2672	3	7	3	8	3	8	3	11		p1
2672	55	3	55	7	55	7	55	10		p1
2672	121	3	121	4	121	4	121	5		p1
2710	79	4	79	5	79	5	79	6		p1
2710	155	0	155	1	155	1	155	2		p1
2710	157	6	157	7	157	11	157	12		p1
2743	23	10	23	11	23	11	23	12		p1
2743	69	3	69	8	69	8	69	32		p1
2756	102	4	102	5	102	5	102	7		p1
2756	280	3	280	4	280	4	280	5		p1
2785	32	5	32	13	32	16	32	18		p1
2828	62	10	62	18	62	18	62	18		p1
2828	130	4	130	6	130	6	130	7		p1
2832	119	3	119	4	119	7	119	10		p1
2832	135	1	135	2	135	5	135	6		p1
2832	358	0	358	1	358	2	358	3		p1
2876	11	10	11	11	11	11	11	12		p1
2876	16	5	16	6	16	6	16	10		p1
2876	157	4	157	7	157	7	157	10		p1
2876	186	0	186	1	186	1	186	1		p1
3023	31	5	31	12	31	12	31	13		p1
3023	31	6	31	12	31	12	31	13		p1
3069	70	13	70	15	70	15	70	15		p1
3069	241	1	241	4	241	4	241	4		p1
3069	305	9	305	11	305	11	305	11		p1
3088	116	9	116	10	116	10	116	12		p1
3202	16	1	16	6	16	6	16	8		p1
3202	24	12	24	14	24	14	24	19		p1
3223	125	7	125	8	125	8	125	8		p1
3245	73	0	73	2	73	2	73	2		p1
3269	134	20	134	23	134	23	134	23		p1
3309	87	13	87	17	87	17	87	20		p1
3338	22	7	22	9	22	13	22	16		p1
3345	117	6	117	8	117	8	117	10		p1
3646	6	7	6	8	6	8	6	11		p1
3646	91	5	91	6	91	6	91	6		p1
3663	178	14	178	15	178	15	178	21		p1
3699	150	16	150	17	150	17	150	17		p1
3776	71	34	71	35	71	35	71	42		p1
3983	103	9	103	11	103	11	103	12		p1
2022	25	4	25	8	25	8	25	19		p1
2022	43	3	43	4	43	4	43	4		p1
2022	43	21	43	22	43	22	43	23		p1
2022	64	5	64	6	64	6	64	6		p1
2022	113	14	113	15	113	15	113	20		p1
2022	113	19	113	20	113	20	113	27		p1
2154	53	3	53	4	53	4	53	4		p1
2154	79	1	79	6	79	6	79	11		p1
2154	156	24	156	26	156	26	156	29		p1
2171	79	3	79	5	79	5	79	5		p1
2171	115	16	115	18	115	18	115	20		p1
2249	44	12	44	13	44	15	44	15		p1
2249	85	2	85	10	85	14	85	26		p1
2249	145	14	145	15	145	15	145	15		p1
2253	37	1	37	2	37	2	37	8		p1
2372	178	3	178	8	178	11	178	17		p1
2466	16	15	16	20	16	20	16	22		p1
2466	46	0	46	5	46	5	46	8		p1
2466	55	8	55	9	55	12	55	13		p1
2466	162	0	162	2	162	2	162	5		p1
2488	28	2	28	7	28	7	28	9		p1
2488	190	9	190	10	190	11	190	11		p1
2571	51	27	51	28	51	28	51	29		p1
2571	116	6	116	11	116	11	116	11		p1
2571	185	27	185	28	185	28	185	28		p1
2584	27	8	27	10	27	14	27	14		p1
2584	148	4	148	6	148	6	148	7		p1
2584	255	3	255	8	255	8	255	8		p1
2587	135	3	135	6	135	6	135	8		p1
2589	97	5	97	8	97	11	97	17		p1
2589	159	19	159	21	159	21	159	25		p1
2589	182	6	182	8	182	8	182	10		p1
2608	264	3	264	4	264	4	264	5		p1
2641	329	0	329	3	329	7	329	14		p1
2956	151	3	151	17	151	17	151	22		p1
2956	184	11	184	12	184	12	184	15		p1
2965	37	37	37	39	37	43	37	43		p1
2965	178	7	178	10	178	10	178	10		p1
3020	235	15	235	17	235	17	235	18		p1
3021	40	1	40	2	40	2	40	3		p1
3021	42	0	42	10	42	10	42	14		p1
3047	154	18	154	19	154	19	154	20		p1
3047	167	26	167	27	167	33	167	35		p1
3052	124	0	124	1	124	1	124	1		p1
3062	181	33	181	34	181	34	181	34		p1
3103	38	16	38	20	38	26	38	28		p1
3103	59	12	59	13	59	13	59	13		p1
3103	70	11	70	13	70	13	70	13		p1
3103	82	16	82	17	82	20	82	20		p1
3103	140	0	140	1	140	1	140	12		p1
3207	67	1	67	3	67	3	67	3		p1
3207	103	5	103	7	103	11	103	11		p1
3303	6	0	6	4	6	4	6	4		p1
3360	76	13	76	14	76	14	76	15		p1
3362	3	28	3	30	3	30	3	31		p1
3393	74	1	74	3	74	3	74	4		p1
3447	4	4	4	5	4	8	4	8		p1
3491	67	5	67	7	67	7	67	9		p1
3515	115	13	115	17	115	17	115	21		p1
3524	66	8	66	9	66	9	66	11		p1
3541	13	2	13	8	13	8	13	19		p1
3541	40	16	40	20	40	21	40	23		p1
3541	63	35	63	36	63	40	63	40		p1
3725	17	7	17	10	17	16	17	21		p1
3725	54	9	54	12	54	15	54	19		p1
3725	69	3	69	6	69	12	69	17		p1
2005	2	44	2	45	2	49	2	49		p1
2005	157	17	157	18	157	18	157	20		p1
2005	166	5	166	6	166	6	166	6		p1
2005	171	30	171	32	171	32	171	32		p1
2005	190	11	190	12	190	16	190	17		p1
2005	206	23	206	24	206	24	206	24		p1
2005	208	22	208	30	208	30	208	33		p1
2005	228	14	228	20	228	20	228	23		p1
2012	47	10	47	12	47	15	47	17		p1
2012	48	18	48	19	48	19	48	21		p1
2012	56	3	56	4	56	5	56	5		p1
2012	194	17	194	18	194	18	194	18		p1
2012	209	3	209	7	209	7	209	7		p1
2035	67	4	67	5	67	5	67	6		p1
2035	73	12	73	14	73	14	73	18		p1
2035	114	2	114	7	114	7	114	7		p1
2035	123	3	123	4	123	7	123	7		p1
2067	72	16	72	17	72	21	72	22		p1
2078	271	13	271	19	271	19	271	20		p1
2241	55	11	55	13	55	13	55	16		p1
2241	135	9	135	15	135	15	135	18		p1
2241	142	3	142	9	142	9	142	13		p1
2241	184	7	184	10	184	13	184	14		p1
2241	238	0	238	2	238	2	238	3		p1
2241	255	6	255	8	255	8	255	9		p1
2241	281	6	281	9	281	9	281	17		p1
2407	187	28	187	32	187	32	187	35		p1
2427	290	13	290	14	290	14	290	14		p1
2427	297	4	297	6	297	6	297	9		p1
2427	496	1	496	2	496	5	496	6		p1
2490	224	20	224	21	224	21	224	22		p1
2490	343	1	343	2	343	2	343	2		p1
2504	16	18	16	20	16	20	16	22		p1
2504	59	3	59	6	59	6	59	6		p1
2504	151	4	151	9	151	13	151	18		p1
2504	179	24	179	28	179	34	179	35		p1
2504	217	15	217	19	217	19	217	19		p1
2504	217	26	217	29	217	29	217	29		p1
2526	21	17	21	18	21	23	21	24		p1
2526	53	10	53	12	53	14	53	15		p1
2526	93	14	93	15	93	21	93	21		p1
2526	117	1	117	4	117	4	117	4		p1
2526	256	3	256	4	256	6	256	7		p1
2526	259	3	259	5	259	9	259	9		p1
2526	321	14	321	17	321	17	321	17		p1
2526	325	0	325	1	325	9	325	9		p1
2526	325	15	325	16	325	20	325	21		p1
2634	29	0	29	4	29	8	29	22		p1
2634	67	8	67	9	67	9	67	11		p1
2634	95	11	95	13	95	13	95	13		p1
2634	117	25	117	26	117	26	117	27		p1
2634	173	3	173	6	173	6	173	6		p1
2650	33	20	33	21	33	21	33	23		p1
2650	116	4	116	5	116	5	116	5		p1
2667	118	14	118	16	118	16	118	18		p1
2717	93	0	93	1	93	1	93	2		p1
2717	204	19	204	24	204	28	204	28		p1
2784	15	39	15	40	15	43	15	43		p1
2784	98	2	98	5	98	5	98	7		p1
2826	7	1	7	3	7	3	7	6		p1
2826	219	1	219	3	219	3	219	6		p1
2826	221	1	221	4	221	4	221	5		p1
2866	73	10	73	12	73	24	73	26		p1
2866	73	26	73	27	73	27	73	28		p1
2866	143	1	143	3	143	3	143	3		p1
2866	159	11	159	12	159	12	159	14		p1
2970	104	1	104	6	104	6	104	9		p1
2970	167	8	167	10	167	19	167	20		p1
2970	237	7	237	14	237	14	237	14		p1
2970	300	0	300	2	300	5	300	8		p1
2970	433	7	433	9	433	9	433	9		p1
2998	5	7	5	14	5	14	5	19		p1
2998	27	1	27	6	27	6	27	8		p1
2998	37	3	37	7	37	18	37	19		p1
3015	9	33	9	36	9	36	9	39		p1
3015	73	0	73	3	73	8	73	8		p1
3015	88	30	88	56	88	56	88	60		p1
3041	77	18	77	20	77	20	77	21		p1
3041	111	3	111	9	111	12	111	16		p1
3041	144	15	144	22	144	22	144	24		p1
3041	158	24	158	25	158	30	158	30		p1
3067	114	37	114	38	114	38	114	38		p1
3067	189	1	189	5	189	5	189	10		p1
3067	189	3	189	5	189	5	189	10		p1
3168	4	3	4	6	4	6	4	6		p1
3168	19	1	19	3	19	3	19	5		p1
3168	46	1	46	3	46	3	46	3		p1
3237	100	1	100	3	100	6	100	8		p1
3237	229	12	229	13	229	13	229	14		p1
3275	52	32	52	35	52	35	52	36		p1
3275	66	2	66	4	66	4	66	6		p1
3275	94	1	94	4	94	4	94	7		p1
3288	14	21	14	25	14	25	14	27		p1
3382	96	4	96	6	96	6	96	10		p1
3382	122	8	122	10	122	14	122	14		p1
3382	122	19	122	20	122	24	122	25		p1
3550	48	1	48	3	48	3	48	6		p1
3550	90	0	90	3	90	3	90	3		p1
3607	93	21	93	23	93	23	93	27		p1
3607	112	10	112	12	112	15	112	15		p1
3607	125	27	125	29	125	29	125	34		p1
3655	78	1	78	2	78	2	78	3		p1
3727	105	1	105	3	105	6	105	8		p1
3809	18	12	18	13	18	13	18	16		p1
3809	36	11	36	14	36	18	36	21		p1
2062	38	9	38	10	38	10	38	13		p1
2139	67	0	67	1	67	1	67	1		p1
2139	119	0	119	1	119	1	119	1		p1
2231	144	5	144	8	144	8	144	10		p1
2304	49	12	49	13	49	13	49	13		p1
2304	112	4	112	7	112	12	112	12		p1
2304	227	5	227	9	227	9	227	11		p1
2316	49	7	49	12	49	13	49	14		p1
2436	58	8	58	10	58	10	58	12		p1
2436	133	5	133	6	133	6	133	8		p1
2439	45	0	45	1	45	1	45	11		p1
2439	267	2	267	4	267	7	267	7		p1
2510	48	3	48	4	48	4	48	7		p1
2510	57	0	57	2	57	2	57	14		p1
2525	49	6	49	7	49	7	49	14		p1
2525	73	0	73	1	73	1	73	1		p1
2525	236	11	236	12	236	12	236	12		p1
2525	236	13	236	14	236	14	236	15		p1
2547	161	8	161	11	161	11	161	20		p1
2547	227	25	227	28	227	28	227	33		p1
2554	198	23	199	0	199	0	199	7		p1
2554	202	18	202	19	202	19	202	20		p1
2615	148	0	148	2	148	5	148	8		p1
2615	228	2	228	3	228	3	228	4		p1
2640	1	3	1	4	1	4	1	4		p1
2640	39	13	39	14	39	18	39	22		p1
2653	35	5	35	6	35	6	35	7		p1
2653	64	16	64	18	64	18	64	20		p1
2658	237	2	237	3	237	3	237	6		p1
2691	63	10	63	11	63	11	63	12		p1
2790	158	3	158	4	158	4	158	5		p1
2868	187	2	187	3	187	3	187	4		p1
2896	26	7	26	8	26	8	26	11		p1
2896	80	17	80	18	80	18	80	20		p1
2910	150	13	150	14	150	14	150	15		p1
3040	72	12	72	13	72	13	72	14		p1
3040	122	13	122	16	122	17	122	20		p1
3045	175	10	175	11	175	11	175	12		p1
3068	46	3	46	16	46	16	46	21		p1
3085	110	2	110	4	110	4	110	5		p1
3099	95	7	95	8	95	8	95	16		p1
3099	189	1	189	11	189	11	189	18		p1
3099	226	27	226	28	226	32	226	33		p1
3238	29	0	29	1	29	1	29	3		p1
3256	4	20	4	21	4	21	4	23		p1
3259	156	6	156	7	156	7	156	10		p1
3354	54	12	54	13	54	16	54	16		p1
3417	32	22	32	23	32	23	32	23		p1
3525	153	2	153	7	153	7	153	12		p1
3539	144	6	144	7	144	7	144	8		p1
3639	107	8	107	9	107	9	107	9		p1
3746	13	12	13	13	13	13	13	14		p1
3746	21	2	21	3	21	3	21	4		p1
3746	35	16	35	17	35	24	35	25		p1
3746	39	12	39	14	39	14	39	14		p1
3746	122	7	122	8	122	8	122	9		p1
3746	131	3	131	6	131	9	131	21		p1
3746	137	3	137	8	137	12	137	16		p1
2041	48	21	48	27	48	32	48	32		p1
2041	155	18	155	22	155	25	155	35		p1
2041	277	16	277	17	277	17	277	18		p1
2130	123	6	123	8	123	8	123	9		p1
2160	96	15	96	21	96	24	96	34		p1
2160	112	3	112	4	112	4	112	7		p1
2160	156	5	156	7	156	7	156	9		p1
2177	140	1	140	3	140	3	140	6		p1
2260	10	26	10	28	10	31	10	31		p1
2260	87	8	87	12	87	13	87	19		p1
2365	96	22	96	32	96	32	96	37		p1
2455	145	0	145	1	145	1	145	3		p1
2501	6	1	6	4	6	4	6	8		p1
2501	75	3	75	4	75	4	75	5		p1
2502	75	12	75	14	75	14	75	15		p1
2502	226	11	226	12	226	12	226	13		p1
2521	58	13	58	14	58	18	58	18		p1
2619	64	35	64	38	64	44	64	49		p1
2619	86	0	86	3	86	7	86	10		p1
2619	132	21	132	23	132	27	132	28		p1
2719	83	0	83	1	83	1	83	1		p1
2782	70	27	70	28	70	28	70	29		p1
2782	128	15	128	16	128	16	128	16		p1
2782	174	45	174	46	174	49	174	49		p1
2792	6	4	6	5	6	5	6	5		p1
2792	297	10	297	11	297	11	297	11		p1
2792	309	0	309	1	309	1	309	2		p1
2840	140	24	140	26	140	26	140	28		p1
2840	177	7	177	9	177	12	177	16		p1
2913	137	2	137	3	137	6	137	6		p1
3051	131	9	131	11	131	11	131	12		p1
3051	202	16	202	18	202	18	202	18		p1
3124	242	7	242	8	242	8	242	9		p1
3229	31	3	31	6	31	7	31	11		p1
3229	58	4	58	5	58	8	58	9		p1
3365	41	12	41	13	41	16	41	17		p1
3365	136	12	136	13	136	13	136	14		p1
3443	54	1	54	3	54	3	54	4		p1
3458	112	6	112	15	112	15	112	36		p1
3497	99	6	99	7	99	7	99	9		p1
3750	26	8	26	9	26	9	26	10		p1
2051	91	7	91	8	91	8	91	9		p1
2051	167	13	167	14	167	14	167	14		p1
2279	77	5	77	6	77	6	77	8		p1
2433	32	4	32	6	32	6	32	8		p1
2445	95	6	95	7	95	7	95	8		p1
2445	102	6	102	9	102	9	102	12		p1
2445	185	5	185	7	185	7	185	7		p1
2460	63	22	63	25	63	25	63	25		p1
2460	77	9	77	10	77	14	77	17		p1
2460	211	14	211	19	211	19	211	19		p1
2533	40	9	40	10	40	14	40	14		p1
2533	298	3	298	5	298	5	298	5		p1
2597	107	0	107	1	107	1	107	1		p1
2645	138	1	138	2	138	2	138	2		p1
2645	157	11	157	21	157	21	157	24		p1
2645	167	0	167	2	167	5	167	5		p1
2734	76	5	76	7	76	7	76	10		p1
2835	73	30	73	32	73	37	73	40		p1
2835	182	5	182	7	182	7	182	9		p1
2870	5	9	5	10	5	10	5	13		p1
2870	179	12	179	14	179	14	179	14		p1
2870	277	20	277	21	277	21	277	21		p1
2962	80	7	80	9	80	9	80	9		p1
2962	115	17	115	18	115	18	115	18		p1
2962	149	5	149	6	149	9	149	10		p1
3012	152	41	152	42	152	49	152	50		p1
3056	130	1	130	2	130	5	130	7		p1
3056	184	5	184	7	184	7	184	21		p1
3072	168	0	168	7	168	7	168	7		p1
3090	31	0	31	1	31	5	31	6		p1
3090	35	11	35	21	35	21	35	24		p1
3090	89	18	89	22	89	22	89	22		p1
3096	95	12	95	17	95	21	95	24		p1
3096	102	54	102	55	102	55	102	55		p1
3097	22	10	22	12	22	13	22	19		p1
3399	54	5	54	10	54	10	54	14		p1
3408	50	0	50	2	50	2	50	2		p1
3473	41	13	41	17	41	20	41	23		p1
3537	82	1	82	4	82	4	82	4		p1
3596	61	0	61	3	61	6	61	6		p1
2027	102	8	102	10	102	10	102	10		p1
2065	59	14	59	21	59	21	59	25		p1
2079	116	11	116	12	116	16	116	17		p1
2105	4	22	4	23	4	23	4	23		p1
2121	27	5	27	6	27	6	27	8		p1
2121	57	24	57	25	57	28	57	29		p1
2121	147	25	147	27	147	27	147	28		p1
2151	67	3	67	4	67	4	67	6		p1
2434	15	5	15	7	15	8	15	10		p1
2441	127	13	127	20	127	20	127	27		p1
2461	108	8	108	10	108	10	108	12		p1
2503	109	3	109	4	109	4	109	4		p1
2503	194	16	194	17	194	17	194	18		p1
2836	191	7	191	9	191	9	191	12		p1
2836	229	21	229	30	229	30	229	32		p1
3156	68	7	70	1	70	1	70	2		p3
3174	9	18	11	1	11	1	11	2		p3
3251	128	3	129	1	129	1	129	6		p3
2113	30	1	30	2	31	0	31	1		p3
2465	242	1	243	0	243	0	243	9		p3
2472	98	10	98	11	98	11	100	0		p3
3150	197	4	197	7	198	0	198	3		p3
3387	83	1	86	1	86	1	86	3		p3
2020	222	0	223	0	223	5	223	5		p3
2252	5	9	6	4	6	4	6	4		p3
2252	13	3	14	0	14	0	14	2		p3
2252	144	4	146	0	146	0	146	1		p3
2252	218	4	221	0	221	0	221	1		p3
2362	100	10	101	1	101	1	101	1		p3
2366	57	3	58	0	58	0	58	2		p3
2479	122	5	123	0	123	0	123	2		p3
2598	195	0	196	0	196	0	196	6		p3
2756	115	0	116	0	116	0	116	1		p3
2756	226	7	226	8	228	1	228	2		p3
2756	354	4	354	5	356	0	356	1		p3
2785	15	0	16	0	16	0	16	2		p3
3069	185	0	186	1	186	1	186	2		p3
3088	153	7	155	1	155	1	155	8		p3
3268	120	22	122	2	122	2	122	3		p3
3646	87	9	89	2	89	2	89	3		p3
3776	85	27	85	32	87	1	87	3		p3
2249	51	10	53	0	53	0	53	0		p3
2372	86	9	88	0	88	0	88	5		p3
2372	196	1	198	0	198	0	198	8		p3
2488	3	20	5	0	5	4	5	10		p3
2571	59	15	59	16	61	1	61	1		p3
2587	123	14	126	1	126	1	126	5		p3
2587	173	1	174	0	174	0	174	0		p3
2603	136	9	138	0	138	6	138	9		p3
3207	120	8	121	0	121	0	121	1		p3
3286	128	8	128	20	129	3	129	7		p3
3300	60	10	62	1	62	1	62	1		p3
2492	160	3	161	0	161	0	161	4		p3
2526	165	0	165	5	165	9	166	3		p3
2634	97	3	98	0	98	0	98	3		p3
2634	166	14	166	18	167	0	167	0		p3
2667	82	2	83	0	83	0	83	1		p3
2784	11	27	11	29	12	1	12	4		p3
2784	61	6	62	0	62	0	62	2		p3
2826	43	3	44	0	44	0	44	2		p3
2860	295	11	295	17	295	18	296	0		p3
2970	55	5	56	0	56	0	56	6		p3
2970	94	10	94	11	95	0	95	0		p3
2970	396	3	397	0	397	0	397	0		p3
3015	128	17	129	0	129	0	129	1		p3
3015	128	14	130	0	130	0	130	3		p3
3041	158	41	159	0	159	0	159	1		p3
3168	30	3	31	0	31	0	31	0		p3
3237	16	8	19	0	19	0	19	8		p3
3237	57	1	58	0	58	0	58	0		p3
3655	117	0	118	0	118	0	118	4		p3
3809	13	17	14	0	14	0	14	3		p3
2304	198	13	198	17	198	18	200	4		p3
2436	162	1	162	4	166	0	166	3		p3
2469	217	8	218	0	218	0	218	3		p3
2469	279	3	280	1	280	1	280	8		p3
2510	303	4	304	0	304	0	304	0		p3
2510	331	10	332	0	332	0	332	1		p3
2547	100	4	101	0	101	0	101	0		p3
2547	195	19	196	0	196	0	196	0		p3
2615	201	5	202	0	202	0	202	3		p3
2868	186	0	188	0	188	0	188	2		p3
3450	104	2	104	4	104	4	106	2		p3
3525	55	15	57	0	57	0	57	0		p3
3811	85	0	86	0	86	0	87	2		p3
2501	110	1	111	0	111	0	111	6		p3
2502	181	13	181	14	183	0	183	1		p3
2545	9	7	9	9	10	0	10	2		p3
2545	222	1	224	0	224	0	224	5		p3
2619	105	14	107	0	107	3	107	8		p3
2782	162	7	164	1	164	1	164	5		p3
2792	44	6	44	7	47	2	47	10		p3
2800	122	19	123	0	123	0	123	6		p3
2800	132	10	136	0	136	0	136	1		p3
3074	206	13	206	15	206	15	208	1		p3
3229	63	16	64	0	64	0	64	0		p3
2279	172	5	172	6	174	1	174	1		p3
2533	242	14	244	1	244	1	244	4		p3
2597	32	32	33	0	33	0	33	2		p3
2645	128	9	131	1	131	6	131	9		p3
2835	16	19	18	1	18	6	18	16		p3
2893	186	0	195	0	195	0	195	3		p3
2962	24	15	26	0	26	0	26	0		p3
3056	22	1	23	0	24	0	24	2		p3
3096	47	7	47	8	48	0	48	1		p3
3573	26	0	27	0	27	0	27	5		p3
3596	129	0	129	1	130	0	130	0		p3
2187	97	7	98	1	98	1	98	2		p3
2121	247	1	250	1	251	0	251	4		p3
2131	147	0	148	1	148	1	150	3		p3
2461	55	1	57	0	57	0	57	2		p3
2503	42	28	43	0	43	3	43	6		p3
2724	215	0	216	0	216	0	216	7		p3
