9
                     precision    recall  f1-score   support

               <f/>       0.95      0.97      0.96     41151
               <e/>       0.83      0.90      0.86      4040
 <rm-1/><rpEndSub/>       0.81      0.85      0.83       916
        <rpEndSub/>       0.39      0.16      0.23       610
           <rpMid/>       0.09      0.04      0.05       701
    <rm-2/><rpMid/>       0.68      0.29      0.41       224
 <rm-2/><rpEndSub/>       0.73      0.60      0.66       223
    <rm-1/><rpMid/>       0.00      0.00      0.00       131
    <rm-3/><rpMid/>       0.52      0.13      0.21       123
 <rm-3/><rpEndSub/>       0.41      0.34      0.37        59
    <rm-4/><rpMid/>       0.35      0.10      0.15        62
 <rm-1/><rpEndDel/>       0.00      0.00      0.00        52
    <rm-5/><rpMid/>       0.00      0.00      0.00        33
 <rm-4/><rpEndSub/>       0.50      0.12      0.20        24
 <rm-2/><rpEndDel/>       0.00      0.00      0.00        21
    <rm-6/><rpMid/>       0.00      0.00      0.00        24
 <rm-3/><rpEndDel/>       0.00      0.00      0.00        15
    <rm-7/><rpMid/>       0.00      0.00      0.00        14
 <rm-5/><rpEndSub/>       0.00      0.00      0.00        15
 <rm-4/><rpEndDel/>       0.00      0.00      0.00         9
    <rm-8/><rpMid/>       0.00      0.00      0.00         8
    <rm-9/><rpMid/>       0.00      0.00      0.00         1
 <rm-6/><rpEndSub/>       0.00      0.00      0.00         5
 <rm-5/><rpEndDel/>       0.00      0.00      0.00         1
   <rm-10/><rpMid/>       0.00      0.00      0.00         2
   <rm-11/><rpMid/>       0.00      0.00      0.00         2
 <rm-8/><rpEndSub/>       0.00      0.00      0.00         0
 <rm-7/><rpEndDel/>       0.00      0.00      0.00         0
 <rm-7/><rpEndSub/>       0.00      0.00      0.00         3
 <rm-6/><rpEndDel/>       0.00      0.00      0.00         1
   <rm-13/><rpMid/>       0.00      0.00      0.00         0
   <rm-12/><rpMid/>       0.00      0.00      0.00         0
 <rm-9/><rpEndSub/>       0.00      0.00      0.00         0
   <rm-16/><rpMid/>       0.00      0.00      0.00         0
   <rm-15/><rpMid/>       0.00      0.00      0.00         0
   <rm-19/><rpMid/>       0.00      0.00      0.00         1
 <rm-8/><rpEndDel/>       0.00      0.00      0.00         2
<rm-10/><rpEndSub/>       0.00      0.00      0.00         0
 <rm-9/><rpEndDel/>       0.00      0.00      0.00         1
   <rm-20/><rpMid/>       0.00      0.00      0.00         0
   <rm-27/><rpMid/>       0.00      0.00      0.00         0
   <rm-23/><rpMid/>       0.00      0.00      0.00         0
<rm-12/><rpEndSub/>       0.00      0.00      0.00         0
<rm-12/><rpEndDel/>       0.00      0.00      0.00         0
<rm-11/><rpEndDel/>       0.00      0.00      0.00         0
<rm-21/><rpEndDel/>       0.00      0.00      0.00         0
<rm-13/><rpEndSub/>       0.00      0.00      0.00         0
   <rm-17/><rpMid/>       0.00      0.00      0.00         0
<rm-14/><rpEndDel/>       0.00      0.00      0.00         1
<rm-14/><rpEndSub/>       0.00      0.00      0.00         0
   <rm-14/><rpMid/>       0.00      0.00      0.00         0

        avg / total       0.90      0.92      0.91     48475

                     precision    recall  f1-score   support

               <f/>       0.95      0.97      0.96     40501
               <e/>       0.81      0.86      0.83      3894
 <rm-1/><rpEndSub/>       0.80      0.82      0.81       744
        <rpEndSub/>       0.45      0.18      0.26       569
           <rpMid/>       0.10      0.05      0.07       512
    <rm-2/><rpMid/>       0.72      0.31      0.43       228
 <rm-2/><rpEndSub/>       0.69      0.57      0.62       164
    <rm-1/><rpMid/>       0.00      0.00      0.00       111
    <rm-3/><rpMid/>       0.36      0.12      0.18       110
 <rm-3/><rpEndSub/>       0.47      0.31      0.37        62
    <rm-4/><rpMid/>       0.40      0.11      0.17        57
 <rm-1/><rpEndDel/>       0.00      0.00      0.00        44
    <rm-5/><rpMid/>       0.00      0.00      0.00        33
 <rm-4/><rpEndSub/>       0.50      0.04      0.08        23
 <rm-2/><rpEndDel/>       0.00      0.00      0.00        23
    <rm-6/><rpMid/>       0.00      0.00      0.00        18
 <rm-3/><rpEndDel/>       0.00      0.00      0.00        14
    <rm-7/><rpMid/>       0.00      0.00      0.00        11
 <rm-5/><rpEndSub/>       0.00      0.00      0.00         9
 <rm-4/><rpEndDel/>       0.00      0.00      0.00         3
    <rm-8/><rpMid/>       0.00      0.00      0.00         7
    <rm-9/><rpMid/>       0.00      0.00      0.00         2
 <rm-6/><rpEndSub/>       0.00      0.00      0.00         4
 <rm-5/><rpEndDel/>       0.00      0.00      0.00         1
   <rm-10/><rpMid/>       0.00      0.00      0.00         3
   <rm-11/><rpMid/>       0.00      0.00      0.00         0
 <rm-8/><rpEndSub/>       0.00      0.00      0.00         0
 <rm-7/><rpEndDel/>       0.00      0.00      0.00         0
 <rm-7/><rpEndSub/>       0.00      0.00      0.00         4
 <rm-6/><rpEndDel/>       0.00      0.00      0.00         0
   <rm-13/><rpMid/>       0.00      0.00      0.00         0
   <rm-12/><rpMid/>       0.00      0.00      0.00         0
 <rm-9/><rpEndSub/>       0.00      0.00      0.00         0
   <rm-16/><rpMid/>       0.00      0.00      0.00         0
   <rm-15/><rpMid/>       0.00      0.00      0.00         1
   <rm-19/><rpMid/>       0.00      0.00      0.00         0
 <rm-8/><rpEndDel/>       0.00      0.00      0.00         0
<rm-10/><rpEndSub/>       0.00      0.00      0.00         0
 <rm-9/><rpEndDel/>       0.00      0.00      0.00         0
   <rm-20/><rpMid/>       0.00      0.00      0.00         0
   <rm-27/><rpMid/>       0.00      0.00      0.00         0
   <rm-23/><rpMid/>       0.00      0.00      0.00         0
<rm-12/><rpEndSub/>       0.00      0.00      0.00         0
<rm-12/><rpEndDel/>       0.00      0.00      0.00         0
<rm-11/><rpEndDel/>       0.00      0.00      0.00         0
<rm-21/><rpEndDel/>       0.00      0.00      0.00         0
<rm-13/><rpEndSub/>       0.00      0.00      0.00         0
   <rm-17/><rpMid/>       0.00      0.00      0.00         0
<rm-14/><rpEndDel/>       0.00      0.00      0.00         0
<rm-14/><rpEndSub/>       0.00      0.00      0.00         1
   <rm-14/><rpMid/>       0.00      0.00      0.00         1

        avg / total       0.91      0.92      0.91     47154

%%%%%%%%%%
46
                     precision    recall  f1-score   support

               <f/>       0.93      0.99      0.96     41151
               <e/>       0.95      0.74      0.83      4040
 <rm-1/><rpEndSub/>       0.86      0.76      0.81       916
        <rpEndSub/>       0.46      0.12      0.19       610
           <rpMid/>       0.19      0.02      0.04       701
    <rm-2/><rpMid/>       0.73      0.20      0.31       224
 <rm-2/><rpEndSub/>       0.79      0.57      0.66       223
    <rm-1/><rpMid/>       0.00      0.00      0.00       131
    <rm-3/><rpMid/>       0.12      0.01      0.02       123
 <rm-3/><rpEndSub/>       0.57      0.07      0.12        59
    <rm-4/><rpMid/>       0.00      0.00      0.00        62
 <rm-1/><rpEndDel/>       0.00      0.00      0.00        52
    <rm-5/><rpMid/>       0.00      0.00      0.00        33
 <rm-4/><rpEndSub/>       1.00      0.08      0.15        24
 <rm-2/><rpEndDel/>       0.00      0.00      0.00        21
    <rm-6/><rpMid/>       0.00      0.00      0.00        24
 <rm-3/><rpEndDel/>       0.00      0.00      0.00        15
    <rm-7/><rpMid/>       0.00      0.00      0.00        14
 <rm-5/><rpEndSub/>       0.00      0.00      0.00        15
 <rm-4/><rpEndDel/>       0.00      0.00      0.00         9
    <rm-8/><rpMid/>       0.00      0.00      0.00         8
    <rm-9/><rpMid/>       0.00      0.00      0.00         1
 <rm-6/><rpEndSub/>       0.00      0.00      0.00         5
 <rm-5/><rpEndDel/>       0.00      0.00      0.00         1
   <rm-10/><rpMid/>       0.00      0.00      0.00         2
   <rm-11/><rpMid/>       0.00      0.00      0.00         2
 <rm-8/><rpEndSub/>       0.00      0.00      0.00         0
 <rm-7/><rpEndDel/>       0.00      0.00      0.00         0
 <rm-7/><rpEndSub/>       0.00      0.00      0.00         3
 <rm-6/><rpEndDel/>       0.00      0.00      0.00         1
   <rm-13/><rpMid/>       0.00      0.00      0.00         0
   <rm-12/><rpMid/>       0.00      0.00      0.00         0
 <rm-9/><rpEndSub/>       0.00      0.00      0.00         0
   <rm-16/><rpMid/>       0.00      0.00      0.00         0
   <rm-15/><rpMid/>       0.00      0.00      0.00         0
   <rm-19/><rpMid/>       0.00      0.00      0.00         1
 <rm-8/><rpEndDel/>       0.00      0.00      0.00         2
<rm-10/><rpEndSub/>       0.00      0.00      0.00         0
 <rm-9/><rpEndDel/>       0.00      0.00      0.00         1
   <rm-20/><rpMid/>       0.00      0.00      0.00         0
   <rm-27/><rpMid/>       0.00      0.00      0.00         0
   <rm-23/><rpMid/>       0.00      0.00      0.00         0
<rm-12/><rpEndSub/>       0.00      0.00      0.00         0
<rm-12/><rpEndDel/>       0.00      0.00      0.00         0
<rm-11/><rpEndDel/>       0.00      0.00      0.00         0
<rm-21/><rpEndDel/>       0.00      0.00      0.00         0
<rm-13/><rpEndSub/>       0.00      0.00      0.00         0
   <rm-17/><rpMid/>       0.00      0.00      0.00         0
<rm-14/><rpEndDel/>       0.00      0.00      0.00         1
<rm-14/><rpEndSub/>       0.00      0.00      0.00         0
   <rm-14/><rpMid/>       0.00      0.00      0.00         0

        avg / total       0.90      0.92      0.91     48475

                     precision    recall  f1-score   support

               <f/>       0.93      0.99      0.96     40501
               <e/>       0.94      0.69      0.79      3894
 <rm-1/><rpEndSub/>       0.87      0.78      0.82       744
        <rpEndSub/>       0.50      0.15      0.23       569
           <rpMid/>       0.22      0.02      0.04       512
    <rm-2/><rpMid/>       0.70      0.17      0.27       228
 <rm-2/><rpEndSub/>       0.74      0.61      0.67       164
    <rm-1/><rpMid/>       0.00      0.00      0.00       111
    <rm-3/><rpMid/>       0.75      0.03      0.05       110
 <rm-3/><rpEndSub/>       0.62      0.08      0.14        62
    <rm-4/><rpMid/>       0.00      0.00      0.00        57
 <rm-1/><rpEndDel/>       0.00      0.00      0.00        44
    <rm-5/><rpMid/>       0.00      0.00      0.00        33
 <rm-4/><rpEndSub/>       0.00      0.00      0.00        23
 <rm-2/><rpEndDel/>       0.00      0.00      0.00        23
    <rm-6/><rpMid/>       0.00      0.00      0.00        18
 <rm-3/><rpEndDel/>       0.00      0.00      0.00        14
    <rm-7/><rpMid/>       0.00      0.00      0.00        11
 <rm-5/><rpEndSub/>       0.00      0.00      0.00         9
 <rm-4/><rpEndDel/>       0.00      0.00      0.00         3
    <rm-8/><rpMid/>       0.00      0.00      0.00         7
    <rm-9/><rpMid/>       0.00      0.00      0.00         2
 <rm-6/><rpEndSub/>       0.00      0.00      0.00         4
 <rm-5/><rpEndDel/>       0.00      0.00      0.00         1
   <rm-10/><rpMid/>       0.00      0.00      0.00         3
   <rm-11/><rpMid/>       0.00      0.00      0.00         0
 <rm-8/><rpEndSub/>       0.00      0.00      0.00         0
 <rm-7/><rpEndDel/>       0.00      0.00      0.00         0
 <rm-7/><rpEndSub/>       0.00      0.00      0.00         4
 <rm-6/><rpEndDel/>       0.00      0.00      0.00         0
   <rm-13/><rpMid/>       0.00      0.00      0.00         0
   <rm-12/><rpMid/>       0.00      0.00      0.00         0
 <rm-9/><rpEndSub/>       0.00      0.00      0.00         0
   <rm-16/><rpMid/>       0.00      0.00      0.00         0
   <rm-15/><rpMid/>       0.00      0.00      0.00         1
   <rm-19/><rpMid/>       0.00      0.00      0.00         0
 <rm-8/><rpEndDel/>       0.00      0.00      0.00         0
<rm-10/><rpEndSub/>       0.00      0.00      0.00         0
 <rm-9/><rpEndDel/>       0.00      0.00      0.00         0
   <rm-20/><rpMid/>       0.00      0.00      0.00         0
   <rm-27/><rpMid/>       0.00      0.00      0.00         0
   <rm-23/><rpMid/>       0.00      0.00      0.00         0
<rm-12/><rpEndSub/>       0.00      0.00      0.00         0
<rm-12/><rpEndDel/>       0.00      0.00      0.00         0
<rm-11/><rpEndDel/>       0.00      0.00      0.00         0
<rm-21/><rpEndDel/>       0.00      0.00      0.00         0
<rm-13/><rpEndSub/>       0.00      0.00      0.00         0
   <rm-17/><rpMid/>       0.00      0.00      0.00         0
<rm-14/><rpEndDel/>       0.00      0.00      0.00         0
<rm-14/><rpEndSub/>       0.00      0.00      0.00         1
   <rm-14/><rpMid/>       0.00      0.00      0.00         1

        avg / total       0.91      0.93      0.91     47154

%%%%%%%%%%
