1
                    precision    recall  f1-score   support

              <f/>       0.95      0.99      0.97     39810
              <e/>       0.88      0.94      0.91      4011
              <c/>       0.83      0.97      0.90      2061
<rm-1/><rpEndSub/>       0.64      0.34      0.44      1081
       <rpEndSub/>       0.00      0.00      0.00       610
   <rm-2/><rpMid/>       0.43      0.01      0.02       255
   <rm-1/><rpMid/>       0.00      0.00      0.00       157
<rm-2/><rpEndSub/>       0.00      0.00      0.00       139
   <rm-3/><rpMid/>       0.00      0.00      0.00       117
<rm-1/><rpEndDel/>       0.00      0.00      0.00        80
   <rm-4/><rpMid/>       0.00      0.00      0.00        49
   <rm-5/><rpMid/>       0.00      0.00      0.00        22
<rm-3/><rpEndSub/>       0.00      0.00      0.00        20
<rm-2/><rpEndDel/>       0.00      0.00      0.00        17
   <rm-6/><rpMid/>       0.00      0.00      0.00        14
<rm-4/><rpEndSub/>       0.00      0.00      0.00         5
   <rm-7/><rpMid/>       0.00      0.00      0.00         5
<rm-3/><rpEndDel/>       0.00      0.00      0.00         1
<rm-5/><rpEndSub/>       0.00      0.00      0.00         7
   <rm-8/><rpMid/>       0.00      0.00      0.00         6
<rm-4/><rpEndDel/>       0.00      0.00      0.00         3
<rm-5/><rpEndDel/>       0.00      0.00      0.00         1
<rm-6/><rpEndSub/>       0.00      0.00      0.00         1
<rm-7/><rpEndSub/>       0.00      0.00      0.00         0
<rm-7/><rpEndDel/>       0.00      0.00      0.00         1
<rm-6/><rpEndDel/>       0.00      0.00      0.00         0
<rm-8/><rpEndDel/>       0.00      0.00      0.00         2
<rm-8/><rpEndSub/>       0.00      0.00      0.00         0

       avg / total       0.91      0.94      0.92     48475

                    precision    recall  f1-score   support

              <f/>       0.96      0.99      0.97     38974
              <e/>       0.87      0.92      0.90      3877
              <c/>       0.83      0.97      0.90      2050
<rm-1/><rpEndSub/>       0.67      0.31      0.42       904
       <rpEndSub/>       0.00      0.00      0.00       569
   <rm-2/><rpMid/>       0.60      0.01      0.02       268
   <rm-1/><rpMid/>       0.00      0.00      0.00       134
<rm-2/><rpEndSub/>       0.00      0.00      0.00        87
   <rm-3/><rpMid/>       0.00      0.00      0.00        96
<rm-1/><rpEndDel/>       0.00      0.00      0.00        70
   <rm-4/><rpMid/>       0.00      0.00      0.00        50
   <rm-5/><rpMid/>       0.00      0.00      0.00        19
<rm-3/><rpEndSub/>       0.00      0.00      0.00        16
<rm-2/><rpEndDel/>       0.00      0.00      0.00         9
   <rm-6/><rpMid/>       0.00      0.00      0.00         9
<rm-4/><rpEndSub/>       0.00      0.00      0.00         9
   <rm-7/><rpMid/>       0.00      0.00      0.00         3
<rm-3/><rpEndDel/>       0.00      0.00      0.00         5
<rm-5/><rpEndSub/>       0.00      0.00      0.00         2
   <rm-8/><rpMid/>       0.00      0.00      0.00         3
<rm-4/><rpEndDel/>       0.00      0.00      0.00         0
<rm-5/><rpEndDel/>       0.00      0.00      0.00         0
<rm-6/><rpEndSub/>       0.00      0.00      0.00         0
<rm-7/><rpEndSub/>       0.00      0.00      0.00         0
<rm-7/><rpEndDel/>       0.00      0.00      0.00         0
<rm-6/><rpEndDel/>       0.00      0.00      0.00         0
<rm-8/><rpEndDel/>       0.00      0.00      0.00         0
<rm-8/><rpEndSub/>       0.00      0.00      0.00         0

       avg / total       0.91      0.94      0.92     47154

%%%%%%%%%%
2
                    precision    recall  f1-score   support

              <f/>       0.96      0.99      0.97     39810
              <e/>       0.90      0.93      0.91      4011
              <c/>       0.85      0.97      0.91      2061
<rm-1/><rpEndSub/>       0.72      0.60      0.65      1081
       <rpEndSub/>       0.38      0.02      0.04       610
   <rm-2/><rpMid/>       0.58      0.11      0.19       255
   <rm-1/><rpMid/>       0.00      0.00      0.00       157
<rm-2/><rpEndSub/>       0.74      0.29      0.41       139
   <rm-3/><rpMid/>       0.00      0.00      0.00       117
<rm-1/><rpEndDel/>       0.00      0.00      0.00        80
   <rm-4/><rpMid/>       0.00      0.00      0.00        49
   <rm-5/><rpMid/>       0.00      0.00      0.00        22
<rm-3/><rpEndSub/>       0.00      0.00      0.00        20
<rm-2/><rpEndDel/>       0.00      0.00      0.00        17
   <rm-6/><rpMid/>       0.00      0.00      0.00        14
<rm-4/><rpEndSub/>       0.00      0.00      0.00         5
   <rm-7/><rpMid/>       0.00      0.00      0.00         5
<rm-3/><rpEndDel/>       0.00      0.00      0.00         1
<rm-5/><rpEndSub/>       0.00      0.00      0.00         7
   <rm-8/><rpMid/>       0.00      0.00      0.00         6
<rm-4/><rpEndDel/>       0.00      0.00      0.00         3
<rm-5/><rpEndDel/>       0.00      0.00      0.00         1
<rm-6/><rpEndSub/>       0.00      0.00      0.00         1
<rm-7/><rpEndSub/>       0.00      0.00      0.00         0
<rm-7/><rpEndDel/>       0.00      0.00      0.00         1
<rm-6/><rpEndDel/>       0.00      0.00      0.00         0
<rm-8/><rpEndDel/>       0.00      0.00      0.00         2
<rm-8/><rpEndSub/>       0.00      0.00      0.00         0

       avg / total       0.93      0.94      0.93     48475

                    precision    recall  f1-score   support

              <f/>       0.96      0.99      0.97     38974
              <e/>       0.89      0.91      0.90      3877
              <c/>       0.85      0.97      0.90      2050
<rm-1/><rpEndSub/>       0.73      0.54      0.62       904
       <rpEndSub/>       0.54      0.02      0.04       569
   <rm-2/><rpMid/>       0.74      0.11      0.19       268
   <rm-1/><rpMid/>       0.00      0.00      0.00       134
<rm-2/><rpEndSub/>       0.69      0.21      0.32        87
   <rm-3/><rpMid/>       0.00      0.00      0.00        96
<rm-1/><rpEndDel/>       0.00      0.00      0.00        70
   <rm-4/><rpMid/>       0.00      0.00      0.00        50
   <rm-5/><rpMid/>       0.00      0.00      0.00        19
<rm-3/><rpEndSub/>       0.00      0.00      0.00        16
<rm-2/><rpEndDel/>       0.00      0.00      0.00         9
   <rm-6/><rpMid/>       0.00      0.00      0.00         9
<rm-4/><rpEndSub/>       0.00      0.00      0.00         9
   <rm-7/><rpMid/>       0.00      0.00      0.00         3
<rm-3/><rpEndDel/>       0.00      0.00      0.00         5
<rm-5/><rpEndSub/>       0.00      0.00      0.00         2
   <rm-8/><rpMid/>       0.00      0.00      0.00         3
<rm-4/><rpEndDel/>       0.00      0.00      0.00         0
<rm-5/><rpEndDel/>       0.00      0.00      0.00         0
<rm-6/><rpEndSub/>       0.00      0.00      0.00         0
<rm-7/><rpEndSub/>       0.00      0.00      0.00         0
<rm-7/><rpEndDel/>       0.00      0.00      0.00         0
<rm-6/><rpEndDel/>       0.00      0.00      0.00         0
<rm-8/><rpEndDel/>       0.00      0.00      0.00         0
<rm-8/><rpEndSub/>       0.00      0.00      0.00         0

       avg / total       0.93      0.95      0.93     47154

%%%%%%%%%%
3
                    precision    recall  f1-score   support

              <f/>       0.95      0.99      0.97     39810
              <e/>       0.95      0.87      0.91      4011
              <c/>       0.85      0.98      0.91      2061
<rm-1/><rpEndSub/>       0.78      0.60      0.68      1081
       <rpEndSub/>       0.50      0.01      0.02       610
   <rm-2/><rpMid/>       0.54      0.16      0.25       255
   <rm-1/><rpMid/>       0.00      0.00      0.00       157
<rm-2/><rpEndSub/>       0.77      0.29      0.42       139
   <rm-3/><rpMid/>       0.00      0.00      0.00       117
<rm-1/><rpEndDel/>       0.00      0.00      0.00        80
   <rm-4/><rpMid/>       0.00      0.00      0.00        49
   <rm-5/><rpMid/>       0.00      0.00      0.00        22
<rm-3/><rpEndSub/>       0.00      0.00      0.00        20
<rm-2/><rpEndDel/>       0.00      0.00      0.00        17
   <rm-6/><rpMid/>       0.00      0.00      0.00        14
<rm-4/><rpEndSub/>       0.00      0.00      0.00         5
   <rm-7/><rpMid/>       0.00      0.00      0.00         5
<rm-3/><rpEndDel/>       0.00      0.00      0.00         1
<rm-5/><rpEndSub/>       0.00      0.00      0.00         7
   <rm-8/><rpMid/>       0.00      0.00      0.00         6
<rm-4/><rpEndDel/>       0.00      0.00      0.00         3
<rm-5/><rpEndDel/>       0.00      0.00      0.00         1
<rm-6/><rpEndSub/>       0.00      0.00      0.00         1
<rm-7/><rpEndSub/>       0.00      0.00      0.00         0
<rm-7/><rpEndDel/>       0.00      0.00      0.00         1
<rm-6/><rpEndDel/>       0.00      0.00      0.00         0
<rm-8/><rpEndDel/>       0.00      0.00      0.00         2
<rm-8/><rpEndSub/>       0.00      0.00      0.00         0

       avg / total       0.93      0.95      0.93     48475

                    precision    recall  f1-score   support

              <f/>       0.95      0.99      0.97     38974
              <e/>       0.94      0.85      0.89      3877
              <c/>       0.85      0.96      0.90      2050
<rm-1/><rpEndSub/>       0.79      0.54      0.64       904
       <rpEndSub/>       0.54      0.01      0.02       569
   <rm-2/><rpMid/>       0.61      0.15      0.24       268
   <rm-1/><rpMid/>       0.00      0.00      0.00       134
<rm-2/><rpEndSub/>       0.80      0.23      0.36        87
   <rm-3/><rpMid/>       0.00      0.00      0.00        96
<rm-1/><rpEndDel/>       0.00      0.00      0.00        70
   <rm-4/><rpMid/>       0.00      0.00      0.00        50
   <rm-5/><rpMid/>       0.00      0.00      0.00        19
<rm-3/><rpEndSub/>       0.00      0.00      0.00        16
<rm-2/><rpEndDel/>       0.00      0.00      0.00         9
   <rm-6/><rpMid/>       0.00      0.00      0.00         9
<rm-4/><rpEndSub/>       0.00      0.00      0.00         9
   <rm-7/><rpMid/>       0.00      0.00      0.00         3
<rm-3/><rpEndDel/>       0.00      0.00      0.00         5
<rm-5/><rpEndSub/>       0.00      0.00      0.00         2
   <rm-8/><rpMid/>       0.00      0.00      0.00         3
<rm-4/><rpEndDel/>       0.00      0.00      0.00         0
<rm-5/><rpEndDel/>       0.00      0.00      0.00         0
<rm-6/><rpEndSub/>       0.00      0.00      0.00         0
<rm-7/><rpEndSub/>       0.00      0.00      0.00         0
<rm-7/><rpEndDel/>       0.00      0.00      0.00         0
<rm-6/><rpEndDel/>       0.00      0.00      0.00         0
<rm-8/><rpEndDel/>       0.00      0.00      0.00         0
<rm-8/><rpEndSub/>       0.00      0.00      0.00         0

       avg / total       0.93      0.94      0.93     47154

%%%%%%%%%%
4
                    precision    recall  f1-score   support

              <f/>       0.96      0.99      0.98     39810
              <e/>       0.92      0.91      0.91      4011
              <c/>       0.86      0.98      0.92      2061
<rm-1/><rpEndSub/>       0.78      0.66      0.72      1081
       <rpEndSub/>       0.71      0.09      0.16       610
   <rm-2/><rpMid/>       0.51      0.27      0.35       255
   <rm-1/><rpMid/>       0.00      0.00      0.00       157
<rm-2/><rpEndSub/>       0.74      0.28      0.41       139
   <rm-3/><rpMid/>       0.22      0.02      0.03       117
<rm-1/><rpEndDel/>       0.00      0.00      0.00        80
   <rm-4/><rpMid/>       0.00      0.00      0.00        49
   <rm-5/><rpMid/>       0.00      0.00      0.00        22
<rm-3/><rpEndSub/>       0.00      0.00      0.00        20
<rm-2/><rpEndDel/>       0.00      0.00      0.00        17
   <rm-6/><rpMid/>       0.00      0.00      0.00        14
<rm-4/><rpEndSub/>       0.00      0.00      0.00         5
   <rm-7/><rpMid/>       0.00      0.00      0.00         5
<rm-3/><rpEndDel/>       0.00      0.00      0.00         1
<rm-5/><rpEndSub/>       0.00      0.00      0.00         7
   <rm-8/><rpMid/>       0.00      0.00      0.00         6
<rm-4/><rpEndDel/>       0.00      0.00      0.00         3
<rm-5/><rpEndDel/>       0.00      0.00      0.00         1
<rm-6/><rpEndSub/>       0.00      0.00      0.00         1
<rm-7/><rpEndSub/>       0.00      0.00      0.00         0
<rm-7/><rpEndDel/>       0.00      0.00      0.00         1
<rm-6/><rpEndDel/>       0.00      0.00      0.00         0
<rm-8/><rpEndDel/>       0.00      0.00      0.00         2
<rm-8/><rpEndSub/>       0.00      0.00      0.00         0

       avg / total       0.93      0.95      0.94     48475

                    precision    recall  f1-score   support

              <f/>       0.96      0.99      0.98     38974
              <e/>       0.91      0.89      0.90      3877
              <c/>       0.85      0.98      0.91      2050
<rm-1/><rpEndSub/>       0.79      0.61      0.69       904
       <rpEndSub/>       0.59      0.08      0.14       569
   <rm-2/><rpMid/>       0.56      0.25      0.35       268
   <rm-1/><rpMid/>       0.00      0.00      0.00       134
<rm-2/><rpEndSub/>       0.80      0.23      0.36        87
   <rm-3/><rpMid/>       0.33      0.03      0.06        96
<rm-1/><rpEndDel/>       0.00      0.00      0.00        70
   <rm-4/><rpMid/>       0.00      0.00      0.00        50
   <rm-5/><rpMid/>       0.00      0.00      0.00        19
<rm-3/><rpEndSub/>       0.00      0.00      0.00        16
<rm-2/><rpEndDel/>       0.00      0.00      0.00         9
   <rm-6/><rpMid/>       0.00      0.00      0.00         9
<rm-4/><rpEndSub/>       0.00      0.00      0.00         9
   <rm-7/><rpMid/>       0.00      0.00      0.00         3
<rm-3/><rpEndDel/>       0.00      0.00      0.00         5
<rm-5/><rpEndSub/>       0.00      0.00      0.00         2
   <rm-8/><rpMid/>       0.00      0.00      0.00         3
<rm-4/><rpEndDel/>       0.00      0.00      0.00         0
<rm-5/><rpEndDel/>       0.00      0.00      0.00         0
<rm-6/><rpEndSub/>       0.00      0.00      0.00         0
<rm-7/><rpEndSub/>       0.00      0.00      0.00         0
<rm-7/><rpEndDel/>       0.00      0.00      0.00         0
<rm-6/><rpEndDel/>       0.00      0.00      0.00         0
<rm-8/><rpEndDel/>       0.00      0.00      0.00         0
<rm-8/><rpEndSub/>       0.00      0.00      0.00         0

       avg / total       0.93      0.95      0.94     47154

%%%%%%%%%%
5
                    precision    recall  f1-score   support

              <f/>       0.96      0.99      0.98     39810
              <e/>       0.91      0.92      0.91      4011
              <c/>       0.91      0.94      0.92      2061
<rm-1/><rpEndSub/>       0.75      0.76      0.75      1081
       <rpEndSub/>       0.75      0.08      0.14       610
   <rm-2/><rpMid/>       0.56      0.25      0.35       255
   <rm-1/><rpMid/>       0.00      0.00      0.00       157
<rm-2/><rpEndSub/>       0.58      0.37      0.45       139
   <rm-3/><rpMid/>       0.20      0.01      0.02       117
<rm-1/><rpEndDel/>       0.00      0.00      0.00        80
   <rm-4/><rpMid/>       0.00      0.00      0.00        49
   <rm-5/><rpMid/>       0.00      0.00      0.00        22
<rm-3/><rpEndSub/>       0.00      0.00      0.00        20
<rm-2/><rpEndDel/>       0.00      0.00      0.00        17
   <rm-6/><rpMid/>       0.00      0.00      0.00        14
<rm-4/><rpEndSub/>       0.00      0.00      0.00         5
   <rm-7/><rpMid/>       0.00      0.00      0.00         5
<rm-3/><rpEndDel/>       0.00      0.00      0.00         1
<rm-5/><rpEndSub/>       0.00      0.00      0.00         7
   <rm-8/><rpMid/>       0.00      0.00      0.00         6
<rm-4/><rpEndDel/>       0.00      0.00      0.00         3
<rm-5/><rpEndDel/>       0.00      0.00      0.00         1
<rm-6/><rpEndSub/>       0.00      0.00      0.00         1
<rm-7/><rpEndSub/>       0.00      0.00      0.00         0
<rm-7/><rpEndDel/>       0.00      0.00      0.00         1
<rm-6/><rpEndDel/>       0.00      0.00      0.00         0
<rm-8/><rpEndDel/>       0.00      0.00      0.00         2
<rm-8/><rpEndSub/>       0.00      0.00      0.00         0

       avg / total       0.94      0.95      0.94     48475

                    precision    recall  f1-score   support

              <f/>       0.96      0.99      0.98     38974
              <e/>       0.90      0.90      0.90      3877
              <c/>       0.90      0.93      0.91      2050
<rm-1/><rpEndSub/>       0.77      0.72      0.74       904
       <rpEndSub/>       0.68      0.08      0.14       569
   <rm-2/><rpMid/>       0.64      0.24      0.35       268
   <rm-1/><rpMid/>       0.00      0.00      0.00       134
<rm-2/><rpEndSub/>       0.73      0.34      0.47        87
   <rm-3/><rpMid/>       0.33      0.02      0.04        96
<rm-1/><rpEndDel/>       0.00      0.00      0.00        70
   <rm-4/><rpMid/>       0.00      0.00      0.00        50
   <rm-5/><rpMid/>       0.00      0.00      0.00        19
<rm-3/><rpEndSub/>       0.00      0.00      0.00        16
<rm-2/><rpEndDel/>       0.00      0.00      0.00         9
   <rm-6/><rpMid/>       0.00      0.00      0.00         9
<rm-4/><rpEndSub/>       0.00      0.00      0.00         9
   <rm-7/><rpMid/>       0.00      0.00      0.00         3
<rm-3/><rpEndDel/>       0.00      0.00      0.00         5
<rm-5/><rpEndSub/>       0.00      0.00      0.00         2
   <rm-8/><rpMid/>       0.00      0.00      0.00         3
<rm-4/><rpEndDel/>       0.00      0.00      0.00         0
<rm-5/><rpEndDel/>       0.00      0.00      0.00         0
<rm-6/><rpEndSub/>       0.00      0.00      0.00         0
<rm-7/><rpEndSub/>       0.00      0.00      0.00         0
<rm-7/><rpEndDel/>       0.00      0.00      0.00         0
<rm-6/><rpEndDel/>       0.00      0.00      0.00         0
<rm-8/><rpEndDel/>       0.00      0.00      0.00         0
<rm-8/><rpEndSub/>       0.00      0.00      0.00         0

       avg / total       0.94      0.95      0.94     47154

%%%%%%%%%%
6
                    precision    recall  f1-score   support

              <f/>       0.96      0.99      0.98     39810
              <e/>       0.95      0.87      0.91      4011
              <c/>       0.89      0.97      0.93      2061
<rm-1/><rpEndSub/>       0.76      0.79      0.77      1081
       <rpEndSub/>       0.64      0.11      0.19       610
   <rm-2/><rpMid/>       0.60      0.29      0.39       255
   <rm-1/><rpMid/>       0.50      0.01      0.01       157
<rm-2/><rpEndSub/>       0.76      0.32      0.45       139
   <rm-3/><rpMid/>       0.53      0.08      0.13       117
<rm-1/><rpEndDel/>       0.00      0.00      0.00        80
   <rm-4/><rpMid/>       0.00      0.00      0.00        49
   <rm-5/><rpMid/>       0.00      0.00      0.00        22
<rm-3/><rpEndSub/>       0.00      0.00      0.00        20
<rm-2/><rpEndDel/>       0.00      0.00      0.00        17
   <rm-6/><rpMid/>       0.00      0.00      0.00        14
<rm-4/><rpEndSub/>       0.00      0.00      0.00         5
   <rm-7/><rpMid/>       0.00      0.00      0.00         5
<rm-3/><rpEndDel/>       0.00      0.00      0.00         1
<rm-5/><rpEndSub/>       0.00      0.00      0.00         7
   <rm-8/><rpMid/>       0.00      0.00      0.00         6
<rm-4/><rpEndDel/>       0.00      0.00      0.00         3
<rm-5/><rpEndDel/>       0.00      0.00      0.00         1
<rm-6/><rpEndSub/>       0.00      0.00      0.00         1
<rm-7/><rpEndSub/>       0.00      0.00      0.00         0
<rm-7/><rpEndDel/>       0.00      0.00      0.00         1
<rm-6/><rpEndDel/>       0.00      0.00      0.00         0
<rm-8/><rpEndDel/>       0.00      0.00      0.00         2
<rm-8/><rpEndSub/>       0.00      0.00      0.00         0

       avg / total       0.94      0.95      0.94     48475

                    precision    recall  f1-score   support

              <f/>       0.96      0.99      0.98     38974
              <e/>       0.94      0.85      0.89      3877
              <c/>       0.88      0.97      0.92      2050
<rm-1/><rpEndSub/>       0.76      0.74      0.75       904
       <rpEndSub/>       0.64      0.12      0.21       569
   <rm-2/><rpMid/>       0.66      0.28      0.40       268
   <rm-1/><rpMid/>       0.00      0.00      0.00       134
<rm-2/><rpEndSub/>       0.81      0.24      0.37        87
   <rm-3/><rpMid/>       0.33      0.04      0.07        96
<rm-1/><rpEndDel/>       0.00      0.00      0.00        70
   <rm-4/><rpMid/>       0.00      0.00      0.00        50
   <rm-5/><rpMid/>       0.00      0.00      0.00        19
<rm-3/><rpEndSub/>       0.00      0.00      0.00        16
<rm-2/><rpEndDel/>       0.00      0.00      0.00         9
   <rm-6/><rpMid/>       0.00      0.00      0.00         9
<rm-4/><rpEndSub/>       0.00      0.00      0.00         9
   <rm-7/><rpMid/>       0.00      0.00      0.00         3
<rm-3/><rpEndDel/>       0.00      0.00      0.00         5
<rm-5/><rpEndSub/>       0.00      0.00      0.00         2
   <rm-8/><rpMid/>       0.00      0.00      0.00         3
<rm-4/><rpEndDel/>       0.00      0.00      0.00         0
<rm-5/><rpEndDel/>       0.00      0.00      0.00         0
<rm-6/><rpEndSub/>       0.00      0.00      0.00         0
<rm-7/><rpEndSub/>       0.00      0.00      0.00         0
<rm-7/><rpEndDel/>       0.00      0.00      0.00         0
<rm-6/><rpEndDel/>       0.00      0.00      0.00         0
<rm-8/><rpEndDel/>       0.00      0.00      0.00         0
<rm-8/><rpEndSub/>       0.00      0.00      0.00         0

       avg / total       0.94      0.95      0.94     47154

%%%%%%%%%%
7
                    precision    recall  f1-score   support

              <f/>       0.97      0.99      0.98     39810
              <e/>       0.92      0.90      0.91      4011
              <c/>       0.87      0.98      0.92      2061
<rm-1/><rpEndSub/>       0.80      0.78      0.79      1081
       <rpEndSub/>       0.69      0.14      0.24       610
   <rm-2/><rpMid/>       0.60      0.29      0.40       255
   <rm-1/><rpMid/>       0.50      0.01      0.01       157
<rm-2/><rpEndSub/>       0.58      0.44      0.50       139
   <rm-3/><rpMid/>       0.52      0.09      0.16       117
<rm-1/><rpEndDel/>       0.00      0.00      0.00        80
   <rm-4/><rpMid/>       0.00      0.00      0.00        49
   <rm-5/><rpMid/>       0.00      0.00      0.00        22
<rm-3/><rpEndSub/>       0.00      0.00      0.00        20
<rm-2/><rpEndDel/>       0.00      0.00      0.00        17
   <rm-6/><rpMid/>       0.00      0.00      0.00        14
<rm-4/><rpEndSub/>       0.00      0.00      0.00         5
   <rm-7/><rpMid/>       0.00      0.00      0.00         5
<rm-3/><rpEndDel/>       0.00      0.00      0.00         1
<rm-5/><rpEndSub/>       0.00      0.00      0.00         7
   <rm-8/><rpMid/>       0.00      0.00      0.00         6
<rm-4/><rpEndDel/>       0.00      0.00      0.00         3
<rm-5/><rpEndDel/>       0.00      0.00      0.00         1
<rm-6/><rpEndSub/>       0.00      0.00      0.00         1
<rm-7/><rpEndSub/>       0.00      0.00      0.00         0
<rm-7/><rpEndDel/>       0.00      0.00      0.00         1
<rm-6/><rpEndDel/>       0.00      0.00      0.00         0
<rm-8/><rpEndDel/>       0.00      0.00      0.00         2
<rm-8/><rpEndSub/>       0.00      0.00      0.00         0

       avg / total       0.94      0.95      0.94     48475

                    precision    recall  f1-score   support

              <f/>       0.97      0.99      0.98     38974
              <e/>       0.91      0.89      0.90      3877
              <c/>       0.86      0.98      0.91      2050
<rm-1/><rpEndSub/>       0.81      0.73      0.77       904
       <rpEndSub/>       0.71      0.14      0.23       569
   <rm-2/><rpMid/>       0.65      0.26      0.38       268
   <rm-1/><rpMid/>       0.00      0.00      0.00       134
<rm-2/><rpEndSub/>       0.65      0.39      0.49        87
   <rm-3/><rpMid/>       0.45      0.10      0.17        96
<rm-1/><rpEndDel/>       0.00      0.00      0.00        70
   <rm-4/><rpMid/>       0.00      0.00      0.00        50
   <rm-5/><rpMid/>       0.00      0.00      0.00        19
<rm-3/><rpEndSub/>       0.00      0.00      0.00        16
<rm-2/><rpEndDel/>       0.00      0.00      0.00         9
   <rm-6/><rpMid/>       0.00      0.00      0.00         9
<rm-4/><rpEndSub/>       0.00      0.00      0.00         9
   <rm-7/><rpMid/>       0.00      0.00      0.00         3
<rm-3/><rpEndDel/>       0.00      0.00      0.00         5
<rm-5/><rpEndSub/>       0.00      0.00      0.00         2
   <rm-8/><rpMid/>       0.00      0.00      0.00         3
<rm-4/><rpEndDel/>       0.00      0.00      0.00         0
<rm-5/><rpEndDel/>       0.00      0.00      0.00         0
<rm-6/><rpEndSub/>       0.00      0.00      0.00         0
<rm-7/><rpEndSub/>       0.00      0.00      0.00         0
<rm-7/><rpEndDel/>       0.00      0.00      0.00         0
<rm-6/><rpEndDel/>       0.00      0.00      0.00         0
<rm-8/><rpEndDel/>       0.00      0.00      0.00         0
<rm-8/><rpEndSub/>       0.00      0.00      0.00         0

       avg / total       0.94      0.95      0.94     47154

%%%%%%%%%%
8
                    precision    recall  f1-score   support

              <f/>       0.97      0.99      0.98     39810
              <e/>       0.92      0.91      0.92      4011
              <c/>       0.88      0.98      0.93      2061
<rm-1/><rpEndSub/>       0.81      0.78      0.80      1081
       <rpEndSub/>       0.71      0.15      0.24       610
   <rm-2/><rpMid/>       0.63      0.33      0.43       255
   <rm-1/><rpMid/>       0.60      0.02      0.04       157
<rm-2/><rpEndSub/>       0.66      0.45      0.54       139
   <rm-3/><rpMid/>       0.56      0.12      0.20       117
<rm-1/><rpEndDel/>       0.00      0.00      0.00        80
   <rm-4/><rpMid/>       0.00      0.00      0.00        49
   <rm-5/><rpMid/>       0.00      0.00      0.00        22
<rm-3/><rpEndSub/>       0.00      0.00      0.00        20
<rm-2/><rpEndDel/>       0.00      0.00      0.00        17
   <rm-6/><rpMid/>       0.00      0.00      0.00        14
<rm-4/><rpEndSub/>       0.00      0.00      0.00         5
   <rm-7/><rpMid/>       0.00      0.00      0.00         5
<rm-3/><rpEndDel/>       0.00      0.00      0.00         1
<rm-5/><rpEndSub/>       0.00      0.00      0.00         7
   <rm-8/><rpMid/>       0.00      0.00      0.00         6
<rm-4/><rpEndDel/>       0.00      0.00      0.00         3
<rm-5/><rpEndDel/>       0.00      0.00      0.00         1
<rm-6/><rpEndSub/>       0.00      0.00      0.00         1
<rm-7/><rpEndSub/>       0.00      0.00      0.00         0
<rm-7/><rpEndDel/>       0.00      0.00      0.00         1
<rm-6/><rpEndDel/>       0.00      0.00      0.00         0
<rm-8/><rpEndDel/>       0.00      0.00      0.00         2
<rm-8/><rpEndSub/>       0.00      0.00      0.00         0

       avg / total       0.94      0.95      0.94     48475

                    precision    recall  f1-score   support

              <f/>       0.97      0.99      0.98     38974
              <e/>       0.91      0.90      0.90      3877
              <c/>       0.87      0.98      0.92      2050
<rm-1/><rpEndSub/>       0.82      0.74      0.78       904
       <rpEndSub/>       0.69      0.13      0.22       569
   <rm-2/><rpMid/>       0.70      0.33      0.45       268
   <rm-1/><rpMid/>       0.33      0.01      0.01       134
<rm-2/><rpEndSub/>       0.65      0.39      0.49        87
   <rm-3/><rpMid/>       0.46      0.11      0.18        96
<rm-1/><rpEndDel/>       0.00      0.00      0.00        70
   <rm-4/><rpMid/>       0.00      0.00      0.00        50
   <rm-5/><rpMid/>       0.00      0.00      0.00        19
<rm-3/><rpEndSub/>       0.00      0.00      0.00        16
<rm-2/><rpEndDel/>       0.00      0.00      0.00         9
   <rm-6/><rpMid/>       0.00      0.00      0.00         9
<rm-4/><rpEndSub/>       0.00      0.00      0.00         9
   <rm-7/><rpMid/>       0.00      0.00      0.00         3
<rm-3/><rpEndDel/>       0.00      0.00      0.00         5
<rm-5/><rpEndSub/>       0.00      0.00      0.00         2
   <rm-8/><rpMid/>       0.00      0.00      0.00         3
<rm-4/><rpEndDel/>       0.00      0.00      0.00         0
<rm-5/><rpEndDel/>       0.00      0.00      0.00         0
<rm-6/><rpEndSub/>       0.00      0.00      0.00         0
<rm-7/><rpEndSub/>       0.00      0.00      0.00         0
<rm-7/><rpEndDel/>       0.00      0.00      0.00         0
<rm-6/><rpEndDel/>       0.00      0.00      0.00         0
<rm-8/><rpEndDel/>       0.00      0.00      0.00         0
<rm-8/><rpEndSub/>       0.00      0.00      0.00         0

       avg / total       0.94      0.95      0.94     47154

%%%%%%%%%%
9
                    precision    recall  f1-score   support

              <f/>       0.97      0.99      0.98     39810
              <e/>       0.93      0.91      0.92      4011
              <c/>       0.89      0.98      0.93      2061
<rm-1/><rpEndSub/>       0.80      0.82      0.81      1081
       <rpEndSub/>       0.80      0.10      0.19       610
   <rm-2/><rpMid/>       0.64      0.30      0.41       255
   <rm-1/><rpMid/>       0.50      0.01      0.01       157
<rm-2/><rpEndSub/>       0.66      0.43      0.52       139
   <rm-3/><rpMid/>       0.67      0.10      0.18       117
<rm-1/><rpEndDel/>       0.00      0.00      0.00        80
   <rm-4/><rpMid/>       0.00      0.00      0.00        49
   <rm-5/><rpMid/>       0.00      0.00      0.00        22
<rm-3/><rpEndSub/>       0.00      0.00      0.00        20
<rm-2/><rpEndDel/>       0.00      0.00      0.00        17
   <rm-6/><rpMid/>       0.00      0.00      0.00        14
<rm-4/><rpEndSub/>       0.00      0.00      0.00         5
   <rm-7/><rpMid/>       0.00      0.00      0.00         5
<rm-3/><rpEndDel/>       0.00      0.00      0.00         1
<rm-5/><rpEndSub/>       0.00      0.00      0.00         7
   <rm-8/><rpMid/>       0.00      0.00      0.00         6
<rm-4/><rpEndDel/>       0.00      0.00      0.00         3
<rm-5/><rpEndDel/>       0.00      0.00      0.00         1
<rm-6/><rpEndSub/>       0.00      0.00      0.00         1
<rm-7/><rpEndSub/>       0.00      0.00      0.00         0
<rm-7/><rpEndDel/>       0.00      0.00      0.00         1
<rm-6/><rpEndDel/>       0.00      0.00      0.00         0
<rm-8/><rpEndDel/>       0.00      0.00      0.00         2
<rm-8/><rpEndSub/>       0.00      0.00      0.00         0

       avg / total       0.94      0.95      0.94     48475

                    precision    recall  f1-score   support

              <f/>       0.97      0.99      0.98     38974
              <e/>       0.92      0.89      0.90      3877
              <c/>       0.87      0.97      0.92      2050
<rm-1/><rpEndSub/>       0.81      0.78      0.79       904
       <rpEndSub/>       0.83      0.10      0.18       569
   <rm-2/><rpMid/>       0.72      0.31      0.44       268
   <rm-1/><rpMid/>       0.00      0.00      0.00       134
<rm-2/><rpEndSub/>       0.68      0.37      0.48        87
   <rm-3/><rpMid/>       0.52      0.12      0.20        96
<rm-1/><rpEndDel/>       0.00      0.00      0.00        70
   <rm-4/><rpMid/>       0.00      0.00      0.00        50
   <rm-5/><rpMid/>       0.00      0.00      0.00        19
<rm-3/><rpEndSub/>       0.00      0.00      0.00        16
<rm-2/><rpEndDel/>       0.00      0.00      0.00         9
   <rm-6/><rpMid/>       0.00      0.00      0.00         9
<rm-4/><rpEndSub/>       0.00      0.00      0.00         9
   <rm-7/><rpMid/>       0.00      0.00      0.00         3
<rm-3/><rpEndDel/>       0.00      0.00      0.00         5
<rm-5/><rpEndSub/>       0.00      0.00      0.00         2
   <rm-8/><rpMid/>       0.00      0.00      0.00         3
<rm-4/><rpEndDel/>       0.00      0.00      0.00         0
<rm-5/><rpEndDel/>       0.00      0.00      0.00         0
<rm-6/><rpEndSub/>       0.00      0.00      0.00         0
<rm-7/><rpEndSub/>       0.00      0.00      0.00         0
<rm-7/><rpEndDel/>       0.00      0.00      0.00         0
<rm-6/><rpEndDel/>       0.00      0.00      0.00         0
<rm-8/><rpEndDel/>       0.00      0.00      0.00         0
<rm-8/><rpEndSub/>       0.00      0.00      0.00         0

       avg / total       0.94      0.95      0.94     47154

%%%%%%%%%%
10
                    precision    recall  f1-score   support

              <f/>       0.97      0.99      0.98     39810
              <e/>       0.93      0.90      0.91      4011
              <c/>       0.90      0.97      0.93      2061
<rm-1/><rpEndSub/>       0.81      0.84      0.82      1081
       <rpEndSub/>       0.71      0.15      0.25       610
   <rm-2/><rpMid/>       0.60      0.36      0.45       255
   <rm-1/><rpMid/>       0.60      0.02      0.04       157
<rm-2/><rpEndSub/>       0.59      0.47      0.53       139
   <rm-3/><rpMid/>       0.53      0.15      0.23       117
<rm-1/><rpEndDel/>       0.00      0.00      0.00        80
   <rm-4/><rpMid/>       0.00      0.00      0.00        49
   <rm-5/><rpMid/>       0.00      0.00      0.00        22
<rm-3/><rpEndSub/>       0.00      0.00      0.00        20
<rm-2/><rpEndDel/>       0.00      0.00      0.00        17
   <rm-6/><rpMid/>       0.00      0.00      0.00        14
<rm-4/><rpEndSub/>       0.00      0.00      0.00         5
   <rm-7/><rpMid/>       0.00      0.00      0.00         5
<rm-3/><rpEndDel/>       0.00      0.00      0.00         1
<rm-5/><rpEndSub/>       0.00      0.00      0.00         7
   <rm-8/><rpMid/>       0.00      0.00      0.00         6
<rm-4/><rpEndDel/>       0.00      0.00      0.00         3
<rm-5/><rpEndDel/>       0.00      0.00      0.00         1
<rm-6/><rpEndSub/>       0.00      0.00      0.00         1
<rm-7/><rpEndSub/>       0.00      0.00      0.00         0
<rm-7/><rpEndDel/>       0.00      0.00      0.00         1
<rm-6/><rpEndDel/>       0.00      0.00      0.00         0
<rm-8/><rpEndDel/>       0.00      0.00      0.00         2
<rm-8/><rpEndSub/>       0.00      0.00      0.00         0

       avg / total       0.94      0.95      0.95     48475

                    precision    recall  f1-score   support

              <f/>       0.97      0.99      0.98     38974
              <e/>       0.92      0.88      0.90      3877
              <c/>       0.88      0.97      0.92      2050
<rm-1/><rpEndSub/>       0.81      0.79      0.80       904
       <rpEndSub/>       0.72      0.15      0.25       569
   <rm-2/><rpMid/>       0.67      0.38      0.48       268
   <rm-1/><rpMid/>       0.25      0.01      0.01       134
<rm-2/><rpEndSub/>       0.72      0.47      0.57        87
   <rm-3/><rpMid/>       0.42      0.15      0.22        96
<rm-1/><rpEndDel/>       0.00      0.00      0.00        70
   <rm-4/><rpMid/>       1.00      0.02      0.04        50
   <rm-5/><rpMid/>       0.00      0.00      0.00        19
<rm-3/><rpEndSub/>       0.00      0.00      0.00        16
<rm-2/><rpEndDel/>       0.00      0.00      0.00         9
   <rm-6/><rpMid/>       0.00      0.00      0.00         9
<rm-4/><rpEndSub/>       0.00      0.00      0.00         9
   <rm-7/><rpMid/>       0.00      0.00      0.00         3
<rm-3/><rpEndDel/>       0.00      0.00      0.00         5
<rm-5/><rpEndSub/>       0.00      0.00      0.00         2
   <rm-8/><rpMid/>       0.00      0.00      0.00         3
<rm-4/><rpEndDel/>       0.00      0.00      0.00         0
<rm-5/><rpEndDel/>       0.00      0.00      0.00         0
<rm-6/><rpEndSub/>       0.00      0.00      0.00         0
<rm-7/><rpEndSub/>       0.00      0.00      0.00         0
<rm-7/><rpEndDel/>       0.00      0.00      0.00         0
<rm-6/><rpEndDel/>       0.00      0.00      0.00         0
<rm-8/><rpEndDel/>       0.00      0.00      0.00         0
<rm-8/><rpEndSub/>       0.00      0.00      0.00         0

       avg / total       0.95      0.95      0.95     47154

%%%%%%%%%%
11
                    precision    recall  f1-score   support

              <f/>       0.97      0.99      0.98     39810
              <e/>       0.93      0.90      0.91      4011
              <c/>       0.88      0.98      0.93      2061
<rm-1/><rpEndSub/>       0.81      0.82      0.82      1081
       <rpEndSub/>       0.66      0.19      0.30       610
   <rm-2/><rpMid/>       0.65      0.34      0.44       255
   <rm-1/><rpMid/>       0.50      0.02      0.04       157
<rm-2/><rpEndSub/>       0.61      0.47      0.53       139
   <rm-3/><rpMid/>       0.68      0.15      0.24       117
<rm-1/><rpEndDel/>       0.00      0.00      0.00        80
   <rm-4/><rpMid/>       0.00      0.00      0.00        49
   <rm-5/><rpMid/>       0.00      0.00      0.00        22
<rm-3/><rpEndSub/>       1.00      0.05      0.10        20
<rm-2/><rpEndDel/>       0.00      0.00      0.00        17
   <rm-6/><rpMid/>       0.00      0.00      0.00        14
<rm-4/><rpEndSub/>       0.00      0.00      0.00         5
   <rm-7/><rpMid/>       0.00      0.00      0.00         5
<rm-3/><rpEndDel/>       0.00      0.00      0.00         1
<rm-5/><rpEndSub/>       0.00      0.00      0.00         7
   <rm-8/><rpMid/>       0.00      0.00      0.00         6
<rm-4/><rpEndDel/>       0.00      0.00      0.00         3
<rm-5/><rpEndDel/>       0.00      0.00      0.00         1
<rm-6/><rpEndSub/>       0.00      0.00      0.00         1
<rm-7/><rpEndSub/>       0.00      0.00      0.00         0
<rm-7/><rpEndDel/>       0.00      0.00      0.00         1
<rm-6/><rpEndDel/>       0.00      0.00      0.00         0
<rm-8/><rpEndDel/>       0.00      0.00      0.00         2
<rm-8/><rpEndSub/>       0.00      0.00      0.00         0

       avg / total       0.94      0.95      0.95     48475

                    precision    recall  f1-score   support

              <f/>       0.97      0.99      0.98     38974
              <e/>       0.92      0.89      0.90      3877
              <c/>       0.87      0.97      0.92      2050
<rm-1/><rpEndSub/>       0.81      0.78      0.80       904
       <rpEndSub/>       0.71      0.19      0.29       569
   <rm-2/><rpMid/>       0.70      0.34      0.46       268
   <rm-1/><rpMid/>       0.40      0.01      0.03       134
<rm-2/><rpEndSub/>       0.67      0.45      0.54        87
   <rm-3/><rpMid/>       0.48      0.16      0.24        96
<rm-1/><rpEndDel/>       0.00      0.00      0.00        70
   <rm-4/><rpMid/>       0.67      0.04      0.08        50
   <rm-5/><rpMid/>       0.00      0.00      0.00        19
<rm-3/><rpEndSub/>       0.00      0.00      0.00        16
<rm-2/><rpEndDel/>       0.00      0.00      0.00         9
   <rm-6/><rpMid/>       0.00      0.00      0.00         9
<rm-4/><rpEndSub/>       0.00      0.00      0.00         9
   <rm-7/><rpMid/>       0.00      0.00      0.00         3
<rm-3/><rpEndDel/>       0.00      0.00      0.00         5
<rm-5/><rpEndSub/>       0.00      0.00      0.00         2
   <rm-8/><rpMid/>       0.00      0.00      0.00         3
<rm-4/><rpEndDel/>       0.00      0.00      0.00         0
<rm-5/><rpEndDel/>       0.00      0.00      0.00         0
<rm-6/><rpEndSub/>       0.00      0.00      0.00         0
<rm-7/><rpEndSub/>       0.00      0.00      0.00         0
<rm-7/><rpEndDel/>       0.00      0.00      0.00         0
<rm-6/><rpEndDel/>       0.00      0.00      0.00         0
<rm-8/><rpEndDel/>       0.00      0.00      0.00         0
<rm-8/><rpEndSub/>       0.00      0.00      0.00         0

       avg / total       0.95      0.95      0.95     47154

%%%%%%%%%%
12
                    precision    recall  f1-score   support

              <f/>       0.97      0.99      0.98     39810
              <e/>       0.94      0.90      0.92      4011
              <c/>       0.89      0.98      0.93      2061
<rm-1/><rpEndSub/>       0.81      0.85      0.83      1081
       <rpEndSub/>       0.68      0.15      0.24       610
   <rm-2/><rpMid/>       0.64      0.35      0.45       255
   <rm-1/><rpMid/>       0.50      0.02      0.04       157
<rm-2/><rpEndSub/>       0.62      0.48      0.54       139
   <rm-3/><rpMid/>       0.59      0.14      0.22       117
<rm-1/><rpEndDel/>       0.00      0.00      0.00        80
   <rm-4/><rpMid/>       0.00      0.00      0.00        49
   <rm-5/><rpMid/>       0.00      0.00      0.00        22
<rm-3/><rpEndSub/>       0.00      0.00      0.00        20
<rm-2/><rpEndDel/>       0.00      0.00      0.00        17
   <rm-6/><rpMid/>       0.00      0.00      0.00        14
<rm-4/><rpEndSub/>       0.00      0.00      0.00         5
   <rm-7/><rpMid/>       0.00      0.00      0.00         5
<rm-3/><rpEndDel/>       0.00      0.00      0.00         1
<rm-5/><rpEndSub/>       0.00      0.00      0.00         7
   <rm-8/><rpMid/>       0.00      0.00      0.00         6
<rm-4/><rpEndDel/>       0.00      0.00      0.00         3
<rm-5/><rpEndDel/>       0.00      0.00      0.00         1
<rm-6/><rpEndSub/>       0.00      0.00      0.00         1
<rm-7/><rpEndSub/>       0.00      0.00      0.00         0
<rm-7/><rpEndDel/>       0.00      0.00      0.00         1
<rm-6/><rpEndDel/>       0.00      0.00      0.00         0
<rm-8/><rpEndDel/>       0.00      0.00      0.00         2
<rm-8/><rpEndSub/>       0.00      0.00      0.00         0

       avg / total       0.94      0.95      0.95     48475

                    precision    recall  f1-score   support

              <f/>       0.97      0.99      0.98     38974
              <e/>       0.93      0.88      0.90      3877
              <c/>       0.87      0.98      0.92      2050
<rm-1/><rpEndSub/>       0.82      0.81      0.81       904
       <rpEndSub/>       0.74      0.15      0.26       569
   <rm-2/><rpMid/>       0.71      0.33      0.45       268
   <rm-1/><rpMid/>       0.29      0.01      0.03       134
<rm-2/><rpEndSub/>       0.66      0.47      0.55        87
   <rm-3/><rpMid/>       0.47      0.15      0.22        96
<rm-1/><rpEndDel/>       0.00      0.00      0.00        70
   <rm-4/><rpMid/>       0.00      0.00      0.00        50
   <rm-5/><rpMid/>       0.00      0.00      0.00        19
<rm-3/><rpEndSub/>       0.00      0.00      0.00        16
<rm-2/><rpEndDel/>       0.00      0.00      0.00         9
   <rm-6/><rpMid/>       0.00      0.00      0.00         9
<rm-4/><rpEndSub/>       0.00      0.00      0.00         9
   <rm-7/><rpMid/>       0.00      0.00      0.00         3
<rm-3/><rpEndDel/>       0.00      0.00      0.00         5
<rm-5/><rpEndSub/>       0.00      0.00      0.00         2
   <rm-8/><rpMid/>       0.00      0.00      0.00         3
<rm-4/><rpEndDel/>       0.00      0.00      0.00         0
<rm-5/><rpEndDel/>       0.00      0.00      0.00         0
<rm-6/><rpEndSub/>       0.00      0.00      0.00         0
<rm-7/><rpEndSub/>       0.00      0.00      0.00         0
<rm-7/><rpEndDel/>       0.00      0.00      0.00         0
<rm-6/><rpEndDel/>       0.00      0.00      0.00         0
<rm-8/><rpEndDel/>       0.00      0.00      0.00         0
<rm-8/><rpEndSub/>       0.00      0.00      0.00         0

       avg / total       0.95      0.95      0.95     47154

%%%%%%%%%%
13
                    precision    recall  f1-score   support

              <f/>       0.96      0.99      0.98     39810
              <e/>       0.94      0.88      0.91      4011
              <c/>       0.87      0.98      0.93      2061
<rm-1/><rpEndSub/>       0.83      0.81      0.82      1081
       <rpEndSub/>       0.74      0.14      0.23       610
   <rm-2/><rpMid/>       0.62      0.29      0.40       255
   <rm-1/><rpMid/>       0.60      0.02      0.04       157
<rm-2/><rpEndSub/>       0.68      0.43      0.53       139
   <rm-3/><rpMid/>       0.61      0.12      0.20       117
<rm-1/><rpEndDel/>       0.00      0.00      0.00        80
   <rm-4/><rpMid/>       0.00      0.00      0.00        49
   <rm-5/><rpMid/>       0.00      0.00      0.00        22
<rm-3/><rpEndSub/>       0.00      0.00      0.00        20
<rm-2/><rpEndDel/>       0.00      0.00      0.00        17
   <rm-6/><rpMid/>       0.00      0.00      0.00        14
<rm-4/><rpEndSub/>       0.00      0.00      0.00         5
   <rm-7/><rpMid/>       0.00      0.00      0.00         5
<rm-3/><rpEndDel/>       0.00      0.00      0.00         1
<rm-5/><rpEndSub/>       0.00      0.00      0.00         7
   <rm-8/><rpMid/>       0.00      0.00      0.00         6
<rm-4/><rpEndDel/>       0.00      0.00      0.00         3
<rm-5/><rpEndDel/>       0.00      0.00      0.00         1
<rm-6/><rpEndSub/>       0.00      0.00      0.00         1
<rm-7/><rpEndSub/>       0.00      0.00      0.00         0
<rm-7/><rpEndDel/>       0.00      0.00      0.00         1
<rm-6/><rpEndDel/>       0.00      0.00      0.00         0
<rm-8/><rpEndDel/>       0.00      0.00      0.00         2
<rm-8/><rpEndSub/>       0.00      0.00      0.00         0

       avg / total       0.94      0.95      0.94     48475

                    precision    recall  f1-score   support

              <f/>       0.96      0.99      0.98     38974
              <e/>       0.93      0.87      0.90      3877
              <c/>       0.87      0.97      0.92      2050
<rm-1/><rpEndSub/>       0.83      0.78      0.80       904
       <rpEndSub/>       0.77      0.13      0.23       569
   <rm-2/><rpMid/>       0.72      0.30      0.43       268
   <rm-1/><rpMid/>       0.20      0.01      0.01       134
<rm-2/><rpEndSub/>       0.78      0.41      0.54        87
   <rm-3/><rpMid/>       0.52      0.15      0.23        96
<rm-1/><rpEndDel/>       0.00      0.00      0.00        70
   <rm-4/><rpMid/>       1.00      0.02      0.04        50
   <rm-5/><rpMid/>       0.00      0.00      0.00        19
<rm-3/><rpEndSub/>       0.00      0.00      0.00        16
<rm-2/><rpEndDel/>       0.00      0.00      0.00         9
   <rm-6/><rpMid/>       0.00      0.00      0.00         9
<rm-4/><rpEndSub/>       0.00      0.00      0.00         9
   <rm-7/><rpMid/>       0.00      0.00      0.00         3
<rm-3/><rpEndDel/>       0.00      0.00      0.00         5
<rm-5/><rpEndSub/>       0.00      0.00      0.00         2
   <rm-8/><rpMid/>       0.00      0.00      0.00         3
<rm-4/><rpEndDel/>       0.00      0.00      0.00         0
<rm-5/><rpEndDel/>       0.00      0.00      0.00         0
<rm-6/><rpEndSub/>       0.00      0.00      0.00         0
<rm-7/><rpEndSub/>       0.00      0.00      0.00         0
<rm-7/><rpEndDel/>       0.00      0.00      0.00         0
<rm-6/><rpEndDel/>       0.00      0.00      0.00         0
<rm-8/><rpEndDel/>       0.00      0.00      0.00         0
<rm-8/><rpEndSub/>       0.00      0.00      0.00         0

       avg / total       0.95      0.95      0.94     47154

%%%%%%%%%%
14
                    precision    recall  f1-score   support

              <f/>       0.97      0.99      0.98     39810
              <e/>       0.91      0.92      0.92      4011
              <c/>       0.88      0.98      0.93      2061
<rm-1/><rpEndSub/>       0.82      0.82      0.82      1081
       <rpEndSub/>       0.72      0.16      0.26       610
   <rm-2/><rpMid/>       0.60      0.35      0.45       255
   <rm-1/><rpMid/>       0.57      0.03      0.05       157
<rm-2/><rpEndSub/>       0.67      0.44      0.53       139
   <rm-3/><rpMid/>       0.59      0.16      0.26       117
<rm-1/><rpEndDel/>       0.00      0.00      0.00        80
   <rm-4/><rpMid/>       0.00      0.00      0.00        49
   <rm-5/><rpMid/>       0.00      0.00      0.00        22
<rm-3/><rpEndSub/>       1.00      0.05      0.10        20
<rm-2/><rpEndDel/>       0.00      0.00      0.00        17
   <rm-6/><rpMid/>       0.00      0.00      0.00        14
<rm-4/><rpEndSub/>       0.00      0.00      0.00         5
   <rm-7/><rpMid/>       0.00      0.00      0.00         5
<rm-3/><rpEndDel/>       0.00      0.00      0.00         1
<rm-5/><rpEndSub/>       0.00      0.00      0.00         7
   <rm-8/><rpMid/>       0.00      0.00      0.00         6
<rm-4/><rpEndDel/>       0.00      0.00      0.00         3
<rm-5/><rpEndDel/>       0.00      0.00      0.00         1
<rm-6/><rpEndSub/>       0.00      0.00      0.00         1
<rm-7/><rpEndSub/>       0.00      0.00      0.00         0
<rm-7/><rpEndDel/>       0.00      0.00      0.00         1
<rm-6/><rpEndDel/>       0.00      0.00      0.00         0
<rm-8/><rpEndDel/>       0.00      0.00      0.00         2
<rm-8/><rpEndSub/>       0.00      0.00      0.00         0

       avg / total       0.94      0.95      0.95     48475

                    precision    recall  f1-score   support

              <f/>       0.97      0.99      0.98     38974
              <e/>       0.90      0.91      0.90      3877
              <c/>       0.87      0.98      0.92      2050
<rm-1/><rpEndSub/>       0.83      0.79      0.81       904
       <rpEndSub/>       0.77      0.15      0.26       569
   <rm-2/><rpMid/>       0.70      0.37      0.48       268
   <rm-1/><rpMid/>       0.33      0.01      0.03       134
<rm-2/><rpEndSub/>       0.79      0.43      0.55        87
   <rm-3/><rpMid/>       0.52      0.18      0.26        96
<rm-1/><rpEndDel/>       0.00      0.00      0.00        70
   <rm-4/><rpMid/>       0.00      0.00      0.00        50
   <rm-5/><rpMid/>       0.00      0.00      0.00        19
<rm-3/><rpEndSub/>       0.00      0.00      0.00        16
<rm-2/><rpEndDel/>       0.00      0.00      0.00         9
   <rm-6/><rpMid/>       0.00      0.00      0.00         9
<rm-4/><rpEndSub/>       0.00      0.00      0.00         9
   <rm-7/><rpMid/>       0.00      0.00      0.00         3
<rm-3/><rpEndDel/>       0.00      0.00      0.00         5
<rm-5/><rpEndSub/>       0.00      0.00      0.00         2
   <rm-8/><rpMid/>       0.00      0.00      0.00         3
<rm-4/><rpEndDel/>       0.00      0.00      0.00         0
<rm-5/><rpEndDel/>       0.00      0.00      0.00         0
<rm-6/><rpEndSub/>       0.00      0.00      0.00         0
<rm-7/><rpEndSub/>       0.00      0.00      0.00         0
<rm-7/><rpEndDel/>       0.00      0.00      0.00         0
<rm-6/><rpEndDel/>       0.00      0.00      0.00         0
<rm-8/><rpEndDel/>       0.00      0.00      0.00         0
<rm-8/><rpEndSub/>       0.00      0.00      0.00         0

       avg / total       0.95      0.95      0.95     47154

%%%%%%%%%%
15
                    precision    recall  f1-score   support

              <f/>       0.97      0.99      0.98     39810
              <e/>       0.95      0.88      0.91      4011
              <c/>       0.89      0.98      0.93      2061
<rm-1/><rpEndSub/>       0.79      0.85      0.82      1081
       <rpEndSub/>       0.62      0.21      0.31       610
   <rm-2/><rpMid/>       0.61      0.38      0.47       255
   <rm-1/><rpMid/>       0.60      0.02      0.04       157
<rm-2/><rpEndSub/>       0.68      0.47      0.55       139
   <rm-3/><rpMid/>       0.61      0.16      0.26       117
<rm-1/><rpEndDel/>       0.00      0.00      0.00        80
   <rm-4/><rpMid/>       0.00      0.00      0.00        49
   <rm-5/><rpMid/>       0.00      0.00      0.00        22
<rm-3/><rpEndSub/>       0.00      0.00      0.00        20
<rm-2/><rpEndDel/>       0.00      0.00      0.00        17
   <rm-6/><rpMid/>       0.00      0.00      0.00        14
<rm-4/><rpEndSub/>       0.00      0.00      0.00         5
   <rm-7/><rpMid/>       0.00      0.00      0.00         5
<rm-3/><rpEndDel/>       0.00      0.00      0.00         1
<rm-5/><rpEndSub/>       0.00      0.00      0.00         7
   <rm-8/><rpMid/>       0.00      0.00      0.00         6
<rm-4/><rpEndDel/>       0.00      0.00      0.00         3
<rm-5/><rpEndDel/>       0.00      0.00      0.00         1
<rm-6/><rpEndSub/>       0.00      0.00      0.00         1
<rm-7/><rpEndSub/>       0.00      0.00      0.00         0
<rm-7/><rpEndDel/>       0.00      0.00      0.00         1
<rm-6/><rpEndDel/>       0.00      0.00      0.00         0
<rm-8/><rpEndDel/>       0.00      0.00      0.00         2
<rm-8/><rpEndSub/>       0.00      0.00      0.00         0

       avg / total       0.94      0.95      0.95     48475

                    precision    recall  f1-score   support

              <f/>       0.97      0.99      0.98     38974
              <e/>       0.94      0.86      0.90      3877
              <c/>       0.88      0.97      0.92      2050
<rm-1/><rpEndSub/>       0.80      0.81      0.81       904
       <rpEndSub/>       0.68      0.22      0.34       569
   <rm-2/><rpMid/>       0.67      0.40      0.50       268
   <rm-1/><rpMid/>       0.25      0.01      0.01       134
<rm-2/><rpEndSub/>       0.76      0.44      0.55        87
   <rm-3/><rpMid/>       0.52      0.17      0.25        96
<rm-1/><rpEndDel/>       0.00      0.00      0.00        70
   <rm-4/><rpMid/>       0.67      0.04      0.08        50
   <rm-5/><rpMid/>       0.00      0.00      0.00        19
<rm-3/><rpEndSub/>       0.00      0.00      0.00        16
<rm-2/><rpEndDel/>       0.00      0.00      0.00         9
   <rm-6/><rpMid/>       0.00      0.00      0.00         9
<rm-4/><rpEndSub/>       0.00      0.00      0.00         9
   <rm-7/><rpMid/>       0.00      0.00      0.00         3
<rm-3/><rpEndDel/>       0.00      0.00      0.00         5
<rm-5/><rpEndSub/>       0.00      0.00      0.00         2
   <rm-8/><rpMid/>       0.00      0.00      0.00         3
<rm-4/><rpEndDel/>       0.00      0.00      0.00         0
<rm-5/><rpEndDel/>       0.00      0.00      0.00         0
<rm-6/><rpEndSub/>       0.00      0.00      0.00         0
<rm-7/><rpEndSub/>       0.00      0.00      0.00         0
<rm-7/><rpEndDel/>       0.00      0.00      0.00         0
<rm-6/><rpEndDel/>       0.00      0.00      0.00         0
<rm-8/><rpEndDel/>       0.00      0.00      0.00         0
<rm-8/><rpEndSub/>       0.00      0.00      0.00         0

       avg / total       0.95      0.95      0.95     47154

%%%%%%%%%%
16
                    precision    recall  f1-score   support

              <f/>       0.97      0.99      0.98     39810
              <e/>       0.93      0.91      0.92      4011
              <c/>       0.90      0.97      0.93      2061
<rm-1/><rpEndSub/>       0.79      0.85      0.82      1081
       <rpEndSub/>       0.64      0.21      0.31       610
   <rm-2/><rpMid/>       0.66      0.42      0.51       255
   <rm-1/><rpMid/>       0.50      0.03      0.06       157
<rm-2/><rpEndSub/>       0.65      0.50      0.57       139
   <rm-3/><rpMid/>       0.61      0.23      0.34       117
<rm-1/><rpEndDel/>       0.00      0.00      0.00        80
   <rm-4/><rpMid/>       0.17      0.02      0.04        49
   <rm-5/><rpMid/>       0.00      0.00      0.00        22
<rm-3/><rpEndSub/>       0.00      0.00      0.00        20
<rm-2/><rpEndDel/>       0.00      0.00      0.00        17
   <rm-6/><rpMid/>       0.00      0.00      0.00        14
<rm-4/><rpEndSub/>       0.00      0.00      0.00         5
   <rm-7/><rpMid/>       0.00      0.00      0.00         5
<rm-3/><rpEndDel/>       0.00      0.00      0.00         1
<rm-5/><rpEndSub/>       0.00      0.00      0.00         7
   <rm-8/><rpMid/>       0.00      0.00      0.00         6
<rm-4/><rpEndDel/>       0.00      0.00      0.00         3
<rm-5/><rpEndDel/>       0.00      0.00      0.00         1
<rm-6/><rpEndSub/>       0.00      0.00      0.00         1
<rm-7/><rpEndSub/>       0.00      0.00      0.00         0
<rm-7/><rpEndDel/>       0.00      0.00      0.00         1
<rm-6/><rpEndDel/>       0.00      0.00      0.00         0
<rm-8/><rpEndDel/>       0.00      0.00      0.00         2
<rm-8/><rpEndSub/>       0.00      0.00      0.00         0

       avg / total       0.95      0.95      0.95     48475

                    precision    recall  f1-score   support

              <f/>       0.97      0.99      0.98     38974
              <e/>       0.92      0.89      0.91      3877
              <c/>       0.88      0.97      0.92      2050
<rm-1/><rpEndSub/>       0.80      0.83      0.81       904
       <rpEndSub/>       0.66      0.20      0.31       569
   <rm-2/><rpMid/>       0.74      0.43      0.54       268
   <rm-1/><rpMid/>       0.45      0.04      0.07       134
<rm-2/><rpEndSub/>       0.68      0.44      0.53        87
   <rm-3/><rpMid/>       0.50      0.22      0.30        96
<rm-1/><rpEndDel/>       0.00      0.00      0.00        70
   <rm-4/><rpMid/>       0.50      0.04      0.07        50
   <rm-5/><rpMid/>       0.00      0.00      0.00        19
<rm-3/><rpEndSub/>       0.00      0.00      0.00        16
<rm-2/><rpEndDel/>       0.00      0.00      0.00         9
   <rm-6/><rpMid/>       0.00      0.00      0.00         9
<rm-4/><rpEndSub/>       0.00      0.00      0.00         9
   <rm-7/><rpMid/>       0.00      0.00      0.00         3
<rm-3/><rpEndDel/>       0.00      0.00      0.00         5
<rm-5/><rpEndSub/>       0.00      0.00      0.00         2
   <rm-8/><rpMid/>       0.00      0.00      0.00         3
<rm-4/><rpEndDel/>       0.00      0.00      0.00         0
<rm-5/><rpEndDel/>       0.00      0.00      0.00         0
<rm-6/><rpEndSub/>       0.00      0.00      0.00         0
<rm-7/><rpEndSub/>       0.00      0.00      0.00         0
<rm-7/><rpEndDel/>       0.00      0.00      0.00         0
<rm-6/><rpEndDel/>       0.00      0.00      0.00         0
<rm-8/><rpEndDel/>       0.00      0.00      0.00         0
<rm-8/><rpEndSub/>       0.00      0.00      0.00         0

       avg / total       0.95      0.96      0.95     47154

%%%%%%%%%%
17
                    precision    recall  f1-score   support

              <f/>       0.97      0.99      0.98     39810
              <e/>       0.93      0.90      0.92      4011
              <c/>       0.90      0.98      0.94      2061
<rm-1/><rpEndSub/>       0.82      0.84      0.83      1081
       <rpEndSub/>       0.74      0.17      0.27       610
   <rm-2/><rpMid/>       0.65      0.36      0.46       255
   <rm-1/><rpMid/>       0.47      0.04      0.08       157
<rm-2/><rpEndSub/>       0.63      0.50      0.56       139
   <rm-3/><rpMid/>       0.66      0.16      0.26       117
<rm-1/><rpEndDel/>       0.00      0.00      0.00        80
   <rm-4/><rpMid/>       0.10      0.02      0.03        49
   <rm-5/><rpMid/>       0.00      0.00      0.00        22
<rm-3/><rpEndSub/>       1.00      0.05      0.10        20
<rm-2/><rpEndDel/>       0.00      0.00      0.00        17
   <rm-6/><rpMid/>       0.00      0.00      0.00        14
<rm-4/><rpEndSub/>       0.00      0.00      0.00         5
   <rm-7/><rpMid/>       0.00      0.00      0.00         5
<rm-3/><rpEndDel/>       0.00      0.00      0.00         1
<rm-5/><rpEndSub/>       0.00      0.00      0.00         7
   <rm-8/><rpMid/>       0.00      0.00      0.00         6
<rm-4/><rpEndDel/>       0.00      0.00      0.00         3
<rm-5/><rpEndDel/>       0.00      0.00      0.00         1
<rm-6/><rpEndSub/>       0.00      0.00      0.00         1
<rm-7/><rpEndSub/>       0.00      0.00      0.00         0
<rm-7/><rpEndDel/>       0.00      0.00      0.00         1
<rm-6/><rpEndDel/>       0.00      0.00      0.00         0
<rm-8/><rpEndDel/>       0.00      0.00      0.00         2
<rm-8/><rpEndSub/>       0.00      0.00      0.00         0

       avg / total       0.95      0.96      0.95     48475

                    precision    recall  f1-score   support

              <f/>       0.97      0.99      0.98     38974
              <e/>       0.92      0.89      0.90      3877
              <c/>       0.88      0.98      0.93      2050
<rm-1/><rpEndSub/>       0.83      0.81      0.82       904
       <rpEndSub/>       0.76      0.16      0.26       569
   <rm-2/><rpMid/>       0.72      0.38      0.49       268
   <rm-1/><rpMid/>       0.29      0.03      0.05       134
<rm-2/><rpEndSub/>       0.72      0.45      0.55        87
   <rm-3/><rpMid/>       0.62      0.14      0.22        96
<rm-1/><rpEndDel/>       0.00      0.00      0.00        70
   <rm-4/><rpMid/>       0.40      0.04      0.07        50
   <rm-5/><rpMid/>       0.00      0.00      0.00        19
<rm-3/><rpEndSub/>       0.00      0.00      0.00        16
<rm-2/><rpEndDel/>       0.00      0.00      0.00         9
   <rm-6/><rpMid/>       0.00      0.00      0.00         9
<rm-4/><rpEndSub/>       0.00      0.00      0.00         9
   <rm-7/><rpMid/>       0.00      0.00      0.00         3
<rm-3/><rpEndDel/>       0.00      0.00      0.00         5
<rm-5/><rpEndSub/>       0.00      0.00      0.00         2
   <rm-8/><rpMid/>       0.00      0.00      0.00         3
<rm-4/><rpEndDel/>       0.00      0.00      0.00         0
<rm-5/><rpEndDel/>       0.00      0.00      0.00         0
<rm-6/><rpEndSub/>       0.00      0.00      0.00         0
<rm-7/><rpEndSub/>       0.00      0.00      0.00         0
<rm-7/><rpEndDel/>       0.00      0.00      0.00         0
<rm-6/><rpEndDel/>       0.00      0.00      0.00         0
<rm-8/><rpEndDel/>       0.00      0.00      0.00         0
<rm-8/><rpEndSub/>       0.00      0.00      0.00         0

       avg / total       0.95      0.96      0.95     47154

%%%%%%%%%%
18
                    precision    recall  f1-score   support

              <f/>       0.96      0.99      0.98     39810
              <e/>       0.95      0.88      0.91      4011
              <c/>       0.88      0.98      0.93      2061
<rm-1/><rpEndSub/>       0.84      0.81      0.82      1081
       <rpEndSub/>       0.78      0.11      0.20       610
   <rm-2/><rpMid/>       0.67      0.29      0.40       255
   <rm-1/><rpMid/>       0.67      0.03      0.05       157
<rm-2/><rpEndSub/>       0.65      0.45      0.53       139
   <rm-3/><rpMid/>       0.76      0.14      0.23       117
<rm-1/><rpEndDel/>       0.00      0.00      0.00        80
   <rm-4/><rpMid/>       0.00      0.00      0.00        49
   <rm-5/><rpMid/>       0.00      0.00      0.00        22
<rm-3/><rpEndSub/>       1.00      0.05      0.10        20
<rm-2/><rpEndDel/>       0.00      0.00      0.00        17
   <rm-6/><rpMid/>       0.00      0.00      0.00        14
<rm-4/><rpEndSub/>       0.00      0.00      0.00         5
   <rm-7/><rpMid/>       0.00      0.00      0.00         5
<rm-3/><rpEndDel/>       0.00      0.00      0.00         1
<rm-5/><rpEndSub/>       0.00      0.00      0.00         7
   <rm-8/><rpMid/>       0.00      0.00      0.00         6
<rm-4/><rpEndDel/>       0.00      0.00      0.00         3
<rm-5/><rpEndDel/>       0.00      0.00      0.00         1
<rm-6/><rpEndSub/>       0.00      0.00      0.00         1
<rm-7/><rpEndSub/>       0.00      0.00      0.00         0
<rm-7/><rpEndDel/>       0.00      0.00      0.00         1
<rm-6/><rpEndDel/>       0.00      0.00      0.00         0
<rm-8/><rpEndDel/>       0.00      0.00      0.00         2
<rm-8/><rpEndSub/>       0.00      0.00      0.00         0

       avg / total       0.95      0.95      0.94     48475

                    precision    recall  f1-score   support

              <f/>       0.96      0.99      0.98     38974
              <e/>       0.94      0.86      0.90      3877
              <c/>       0.87      0.98      0.92      2050
<rm-1/><rpEndSub/>       0.84      0.78      0.81       904
       <rpEndSub/>       0.83      0.09      0.16       569
   <rm-2/><rpMid/>       0.80      0.28      0.41       268
   <rm-1/><rpMid/>       0.40      0.01      0.03       134
<rm-2/><rpEndSub/>       0.78      0.40      0.53        87
   <rm-3/><rpMid/>       0.55      0.11      0.19        96
<rm-1/><rpEndDel/>       0.00      0.00      0.00        70
   <rm-4/><rpMid/>       0.50      0.02      0.04        50
   <rm-5/><rpMid/>       0.00      0.00      0.00        19
<rm-3/><rpEndSub/>       0.00      0.00      0.00        16
<rm-2/><rpEndDel/>       0.00      0.00      0.00         9
   <rm-6/><rpMid/>       0.00      0.00      0.00         9
<rm-4/><rpEndSub/>       0.00      0.00      0.00         9
   <rm-7/><rpMid/>       0.00      0.00      0.00         3
<rm-3/><rpEndDel/>       0.00      0.00      0.00         5
<rm-5/><rpEndSub/>       0.00      0.00      0.00         2
   <rm-8/><rpMid/>       0.00      0.00      0.00         3
<rm-4/><rpEndDel/>       0.00      0.00      0.00         0
<rm-5/><rpEndDel/>       0.00      0.00      0.00         0
<rm-6/><rpEndSub/>       0.00      0.00      0.00         0
<rm-7/><rpEndSub/>       0.00      0.00      0.00         0
<rm-7/><rpEndDel/>       0.00      0.00      0.00         0
<rm-6/><rpEndDel/>       0.00      0.00      0.00         0
<rm-8/><rpEndDel/>       0.00      0.00      0.00         0
<rm-8/><rpEndSub/>       0.00      0.00      0.00         0

       avg / total       0.95      0.95      0.94     47154

%%%%%%%%%%
19
                    precision    recall  f1-score   support

              <f/>       0.96      0.99      0.98     39810
              <e/>       0.94      0.89      0.91      4011
              <c/>       0.89      0.98      0.93      2061
<rm-1/><rpEndSub/>       0.85      0.81      0.83      1081
       <rpEndSub/>       0.77      0.16      0.26       610
   <rm-2/><rpMid/>       0.70      0.31      0.43       255
   <rm-1/><rpMid/>       0.56      0.03      0.06       157
<rm-2/><rpEndSub/>       0.74      0.48      0.58       139
   <rm-3/><rpMid/>       0.67      0.15      0.25       117
<rm-1/><rpEndDel/>       0.00      0.00      0.00        80
   <rm-4/><rpMid/>       0.00      0.00      0.00        49
   <rm-5/><rpMid/>       0.00      0.00      0.00        22
<rm-3/><rpEndSub/>       0.00      0.00      0.00        20
<rm-2/><rpEndDel/>       0.00      0.00      0.00        17
   <rm-6/><rpMid/>       0.00      0.00      0.00        14
<rm-4/><rpEndSub/>       0.00      0.00      0.00         5
   <rm-7/><rpMid/>       0.00      0.00      0.00         5
<rm-3/><rpEndDel/>       0.00      0.00      0.00         1
<rm-5/><rpEndSub/>       0.00      0.00      0.00         7
   <rm-8/><rpMid/>       0.00      0.00      0.00         6
<rm-4/><rpEndDel/>       0.00      0.00      0.00         3
<rm-5/><rpEndDel/>       0.00      0.00      0.00         1
<rm-6/><rpEndSub/>       0.00      0.00      0.00         1
<rm-7/><rpEndSub/>       0.00      0.00      0.00         0
<rm-7/><rpEndDel/>       0.00      0.00      0.00         1
<rm-6/><rpEndDel/>       0.00      0.00      0.00         0
<rm-8/><rpEndDel/>       0.00      0.00      0.00         2
<rm-8/><rpEndSub/>       0.00      0.00      0.00         0

       avg / total       0.95      0.95      0.95     48475

                    precision    recall  f1-score   support

              <f/>       0.96      0.99      0.98     38974
              <e/>       0.93      0.88      0.90      3877
              <c/>       0.88      0.97      0.92      2050
<rm-1/><rpEndSub/>       0.86      0.77      0.81       904
       <rpEndSub/>       0.82      0.14      0.24       569
   <rm-2/><rpMid/>       0.77      0.29      0.42       268
   <rm-1/><rpMid/>       0.57      0.03      0.06       134
<rm-2/><rpEndSub/>       0.78      0.41      0.54        87
   <rm-3/><rpMid/>       0.58      0.16      0.25        96
<rm-1/><rpEndDel/>       0.00      0.00      0.00        70
   <rm-4/><rpMid/>       0.33      0.02      0.04        50
   <rm-5/><rpMid/>       0.00      0.00      0.00        19
<rm-3/><rpEndSub/>       0.00      0.00      0.00        16
<rm-2/><rpEndDel/>       0.00      0.00      0.00         9
   <rm-6/><rpMid/>       0.00      0.00      0.00         9
<rm-4/><rpEndSub/>       0.00      0.00      0.00         9
   <rm-7/><rpMid/>       0.00      0.00      0.00         3
<rm-3/><rpEndDel/>       0.00      0.00      0.00         5
<rm-5/><rpEndSub/>       0.00      0.00      0.00         2
   <rm-8/><rpMid/>       0.00      0.00      0.00         3
<rm-4/><rpEndDel/>       0.00      0.00      0.00         0
<rm-5/><rpEndDel/>       0.00      0.00      0.00         0
<rm-6/><rpEndSub/>       0.00      0.00      0.00         0
<rm-7/><rpEndSub/>       0.00      0.00      0.00         0
<rm-7/><rpEndDel/>       0.00      0.00      0.00         0
<rm-6/><rpEndDel/>       0.00      0.00      0.00         0
<rm-8/><rpEndDel/>       0.00      0.00      0.00         0
<rm-8/><rpEndSub/>       0.00      0.00      0.00         0

       avg / total       0.95      0.95      0.95     47154

%%%%%%%%%%
20
                    precision    recall  f1-score   support

              <f/>       0.97      0.99      0.98     39810
              <e/>       0.95      0.88      0.91      4011
              <c/>       0.89      0.98      0.93      2061
<rm-1/><rpEndSub/>       0.81      0.85      0.83      1081
       <rpEndSub/>       0.78      0.15      0.25       610
   <rm-2/><rpMid/>       0.70      0.31      0.43       255
   <rm-1/><rpMid/>       0.45      0.03      0.06       157
<rm-2/><rpEndSub/>       0.72      0.48      0.58       139
   <rm-3/><rpMid/>       0.64      0.18      0.28       117
<rm-1/><rpEndDel/>       0.00      0.00      0.00        80
   <rm-4/><rpMid/>       0.25      0.02      0.04        49
   <rm-5/><rpMid/>       0.00      0.00      0.00        22
<rm-3/><rpEndSub/>       0.00      0.00      0.00        20
<rm-2/><rpEndDel/>       0.00      0.00      0.00        17
   <rm-6/><rpMid/>       0.00      0.00      0.00        14
<rm-4/><rpEndSub/>       0.00      0.00      0.00         5
   <rm-7/><rpMid/>       0.00      0.00      0.00         5
<rm-3/><rpEndDel/>       0.00      0.00      0.00         1
<rm-5/><rpEndSub/>       0.00      0.00      0.00         7
   <rm-8/><rpMid/>       0.00      0.00      0.00         6
<rm-4/><rpEndDel/>       0.00      0.00      0.00         3
<rm-5/><rpEndDel/>       0.00      0.00      0.00         1
<rm-6/><rpEndSub/>       0.00      0.00      0.00         1
<rm-7/><rpEndSub/>       0.00      0.00      0.00         0
<rm-7/><rpEndDel/>       0.00      0.00      0.00         1
<rm-6/><rpEndDel/>       0.00      0.00      0.00         0
<rm-8/><rpEndDel/>       0.00      0.00      0.00         2
<rm-8/><rpEndSub/>       0.00      0.00      0.00         0

       avg / total       0.95      0.95      0.95     48475

                    precision    recall  f1-score   support

              <f/>       0.97      0.99      0.98     38974
              <e/>       0.94      0.87      0.90      3877
              <c/>       0.87      0.98      0.92      2050
<rm-1/><rpEndSub/>       0.82      0.82      0.82       904
       <rpEndSub/>       0.80      0.14      0.24       569
   <rm-2/><rpMid/>       0.75      0.29      0.42       268
   <rm-1/><rpMid/>       0.50      0.03      0.06       134
<rm-2/><rpEndSub/>       0.74      0.39      0.51        87
   <rm-3/><rpMid/>       0.62      0.17      0.26        96
<rm-1/><rpEndDel/>       0.00      0.00      0.00        70
   <rm-4/><rpMid/>       1.00      0.06      0.11        50
   <rm-5/><rpMid/>       0.00      0.00      0.00        19
<rm-3/><rpEndSub/>       0.00      0.00      0.00        16
<rm-2/><rpEndDel/>       0.00      0.00      0.00         9
   <rm-6/><rpMid/>       0.00      0.00      0.00         9
<rm-4/><rpEndSub/>       0.00      0.00      0.00         9
   <rm-7/><rpMid/>       0.00      0.00      0.00         3
<rm-3/><rpEndDel/>       0.00      0.00      0.00         5
<rm-5/><rpEndSub/>       0.00      0.00      0.00         2
   <rm-8/><rpMid/>       0.00      0.00      0.00         3
<rm-4/><rpEndDel/>       0.00      0.00      0.00         0
<rm-5/><rpEndDel/>       0.00      0.00      0.00         0
<rm-6/><rpEndSub/>       0.00      0.00      0.00         0
<rm-7/><rpEndSub/>       0.00      0.00      0.00         0
<rm-7/><rpEndDel/>       0.00      0.00      0.00         0
<rm-6/><rpEndDel/>       0.00      0.00      0.00         0
<rm-8/><rpEndDel/>       0.00      0.00      0.00         0
<rm-8/><rpEndSub/>       0.00      0.00      0.00         0

       avg / total       0.95      0.95      0.95     47154

%%%%%%%%%%
21
                    precision    recall  f1-score   support

              <f/>       0.97      0.99      0.98     39810
              <e/>       0.88      0.92      0.90      4011
              <c/>       0.89      0.98      0.93      2061
<rm-1/><rpEndSub/>       0.83      0.84      0.83      1081
       <rpEndSub/>       0.68      0.23      0.35       610
   <rm-2/><rpMid/>       0.61      0.39      0.48       255
   <rm-1/><rpMid/>       0.57      0.03      0.05       157
<rm-2/><rpEndSub/>       0.69      0.50      0.58       139
   <rm-3/><rpMid/>       0.62      0.17      0.27       117
<rm-1/><rpEndDel/>       0.00      0.00      0.00        80
   <rm-4/><rpMid/>       0.00      0.00      0.00        49
   <rm-5/><rpMid/>       0.00      0.00      0.00        22
<rm-3/><rpEndSub/>       1.00      0.05      0.10        20
<rm-2/><rpEndDel/>       0.00      0.00      0.00        17
   <rm-6/><rpMid/>       0.00      0.00      0.00        14
<rm-4/><rpEndSub/>       0.00      0.00      0.00         5
   <rm-7/><rpMid/>       0.00      0.00      0.00         5
<rm-3/><rpEndDel/>       0.00      0.00      0.00         1
<rm-5/><rpEndSub/>       0.00      0.00      0.00         7
   <rm-8/><rpMid/>       0.00      0.00      0.00         6
<rm-4/><rpEndDel/>       0.00      0.00      0.00         3
<rm-5/><rpEndDel/>       0.00      0.00      0.00         1
<rm-6/><rpEndSub/>       0.00      0.00      0.00         1
<rm-7/><rpEndSub/>       0.00      0.00      0.00         0
<rm-7/><rpEndDel/>       0.00      0.00      0.00         1
<rm-6/><rpEndDel/>       0.00      0.00      0.00         0
<rm-8/><rpEndDel/>       0.00      0.00      0.00         2
<rm-8/><rpEndSub/>       0.00      0.00      0.00         0

       avg / total       0.94      0.95      0.95     48475

                    precision    recall  f1-score   support

              <f/>       0.97      0.99      0.98     38974
              <e/>       0.88      0.92      0.90      3877
              <c/>       0.88      0.97      0.92      2050
<rm-1/><rpEndSub/>       0.83      0.80      0.82       904
       <rpEndSub/>       0.66      0.24      0.35       569
   <rm-2/><rpMid/>       0.69      0.41      0.52       268
   <rm-1/><rpMid/>       0.62      0.04      0.07       134
<rm-2/><rpEndSub/>       0.78      0.48      0.60        87
   <rm-3/><rpMid/>       0.47      0.16      0.23        96
<rm-1/><rpEndDel/>       0.00      0.00      0.00        70
   <rm-4/><rpMid/>       0.33      0.02      0.04        50
   <rm-5/><rpMid/>       0.00      0.00      0.00        19
<rm-3/><rpEndSub/>       1.00      0.06      0.12        16
<rm-2/><rpEndDel/>       0.00      0.00      0.00         9
   <rm-6/><rpMid/>       0.00      0.00      0.00         9
<rm-4/><rpEndSub/>       0.00      0.00      0.00         9
   <rm-7/><rpMid/>       0.00      0.00      0.00         3
<rm-3/><rpEndDel/>       0.00      0.00      0.00         5
<rm-5/><rpEndSub/>       0.00      0.00      0.00         2
   <rm-8/><rpMid/>       0.00      0.00      0.00         3
<rm-4/><rpEndDel/>       0.00      0.00      0.00         0
<rm-5/><rpEndDel/>       0.00      0.00      0.00         0
<rm-6/><rpEndSub/>       0.00      0.00      0.00         0
<rm-7/><rpEndSub/>       0.00      0.00      0.00         0
<rm-7/><rpEndDel/>       0.00      0.00      0.00         0
<rm-6/><rpEndDel/>       0.00      0.00      0.00         0
<rm-8/><rpEndDel/>       0.00      0.00      0.00         0
<rm-8/><rpEndSub/>       0.00      0.00      0.00         0

       avg / total       0.95      0.95      0.95     47154

%%%%%%%%%%
22
                    precision    recall  f1-score   support

              <f/>       0.96      0.99      0.98     39810
              <e/>       0.94      0.89      0.91      4011
              <c/>       0.88      0.98      0.93      2061
<rm-1/><rpEndSub/>       0.84      0.79      0.81      1081
       <rpEndSub/>       0.72      0.14      0.23       610
   <rm-2/><rpMid/>       0.70      0.36      0.47       255
   <rm-1/><rpMid/>       0.57      0.03      0.05       157
<rm-2/><rpEndSub/>       0.75      0.43      0.55       139
   <rm-3/><rpMid/>       0.68      0.18      0.28       117
<rm-1/><rpEndDel/>       0.00      0.00      0.00        80
   <rm-4/><rpMid/>       0.00      0.00      0.00        49
   <rm-5/><rpMid/>       0.00      0.00      0.00        22
<rm-3/><rpEndSub/>       0.00      0.00      0.00        20
<rm-2/><rpEndDel/>       0.00      0.00      0.00        17
   <rm-6/><rpMid/>       0.00      0.00      0.00        14
<rm-4/><rpEndSub/>       0.00      0.00      0.00         5
   <rm-7/><rpMid/>       0.00      0.00      0.00         5
<rm-3/><rpEndDel/>       0.00      0.00      0.00         1
<rm-5/><rpEndSub/>       0.00      0.00      0.00         7
   <rm-8/><rpMid/>       0.00      0.00      0.00         6
<rm-4/><rpEndDel/>       0.00      0.00      0.00         3
<rm-5/><rpEndDel/>       0.00      0.00      0.00         1
<rm-6/><rpEndSub/>       0.00      0.00      0.00         1
<rm-7/><rpEndSub/>       0.00      0.00      0.00         0
<rm-7/><rpEndDel/>       0.00      0.00      0.00         1
<rm-6/><rpEndDel/>       0.00      0.00      0.00         0
<rm-8/><rpEndDel/>       0.00      0.00      0.00         2
<rm-8/><rpEndSub/>       0.00      0.00      0.00         0

       avg / total       0.94      0.95      0.94     48475

                    precision    recall  f1-score   support

              <f/>       0.97      0.99      0.98     38974
              <e/>       0.93      0.87      0.90      3877
              <c/>       0.86      0.98      0.92      2050
<rm-1/><rpEndSub/>       0.86      0.76      0.81       904
       <rpEndSub/>       0.78      0.15      0.25       569
   <rm-2/><rpMid/>       0.76      0.34      0.47       268
   <rm-1/><rpMid/>       0.40      0.01      0.03       134
<rm-2/><rpEndSub/>       0.85      0.39      0.54        87
   <rm-3/><rpMid/>       0.47      0.17      0.25        96
<rm-1/><rpEndDel/>       0.00      0.00      0.00        70
   <rm-4/><rpMid/>       1.00      0.02      0.04        50
   <rm-5/><rpMid/>       0.00      0.00      0.00        19
<rm-3/><rpEndSub/>       0.00      0.00      0.00        16
<rm-2/><rpEndDel/>       0.00      0.00      0.00         9
   <rm-6/><rpMid/>       0.00      0.00      0.00         9
<rm-4/><rpEndSub/>       0.00      0.00      0.00         9
   <rm-7/><rpMid/>       0.00      0.00      0.00         3
<rm-3/><rpEndDel/>       0.00      0.00      0.00         5
<rm-5/><rpEndSub/>       0.00      0.00      0.00         2
   <rm-8/><rpMid/>       0.00      0.00      0.00         3
<rm-4/><rpEndDel/>       0.00      0.00      0.00         0
<rm-5/><rpEndDel/>       0.00      0.00      0.00         0
<rm-6/><rpEndSub/>       0.00      0.00      0.00         0
<rm-7/><rpEndSub/>       0.00      0.00      0.00         0
<rm-7/><rpEndDel/>       0.00      0.00      0.00         0
<rm-6/><rpEndDel/>       0.00      0.00      0.00         0
<rm-8/><rpEndDel/>       0.00      0.00      0.00         0
<rm-8/><rpEndSub/>       0.00      0.00      0.00         0

       avg / total       0.95      0.95      0.95     47154

%%%%%%%%%%
23
                    precision    recall  f1-score   support

              <f/>       0.97      0.99      0.98     39810
              <e/>       0.90      0.93      0.91      4011
              <c/>       0.89      0.98      0.93      2061
<rm-1/><rpEndSub/>       0.83      0.84      0.83      1081
       <rpEndSub/>       0.69      0.22      0.33       610
   <rm-2/><rpMid/>       0.64      0.41      0.50       255
   <rm-1/><rpMid/>       0.80      0.03      0.05       157
<rm-2/><rpEndSub/>       0.65      0.53      0.58       139
   <rm-3/><rpMid/>       0.69      0.15      0.25       117
<rm-1/><rpEndDel/>       0.00      0.00      0.00        80
   <rm-4/><rpMid/>       0.27      0.06      0.10        49
   <rm-5/><rpMid/>       0.00      0.00      0.00        22
<rm-3/><rpEndSub/>       0.00      0.00      0.00        20
<rm-2/><rpEndDel/>       0.00      0.00      0.00        17
   <rm-6/><rpMid/>       0.00      0.00      0.00        14
<rm-4/><rpEndSub/>       0.00      0.00      0.00         5
   <rm-7/><rpMid/>       0.00      0.00      0.00         5
<rm-3/><rpEndDel/>       0.00      0.00      0.00         1
<rm-5/><rpEndSub/>       0.00      0.00      0.00         7
   <rm-8/><rpMid/>       0.00      0.00      0.00         6
<rm-4/><rpEndDel/>       0.00      0.00      0.00         3
<rm-5/><rpEndDel/>       0.00      0.00      0.00         1
<rm-6/><rpEndSub/>       0.00      0.00      0.00         1
<rm-7/><rpEndSub/>       0.00      0.00      0.00         0
<rm-7/><rpEndDel/>       0.00      0.00      0.00         1
<rm-6/><rpEndDel/>       0.00      0.00      0.00         0
<rm-8/><rpEndDel/>       0.00      0.00      0.00         2
<rm-8/><rpEndSub/>       0.00      0.00      0.00         0

       avg / total       0.95      0.95      0.95     48475

                    precision    recall  f1-score   support

              <f/>       0.97      0.99      0.98     38974
              <e/>       0.89      0.92      0.90      3877
              <c/>       0.88      0.98      0.92      2050
<rm-1/><rpEndSub/>       0.84      0.81      0.82       904
       <rpEndSub/>       0.69      0.24      0.35       569
   <rm-2/><rpMid/>       0.71      0.43      0.54       268
   <rm-1/><rpMid/>       0.50      0.01      0.03       134
<rm-2/><rpEndSub/>       0.74      0.45      0.56        87
   <rm-3/><rpMid/>       0.54      0.15      0.23        96
<rm-1/><rpEndDel/>       0.00      0.00      0.00        70
   <rm-4/><rpMid/>       0.38      0.06      0.10        50
   <rm-5/><rpMid/>       0.00      0.00      0.00        19
<rm-3/><rpEndSub/>       0.00      0.00      0.00        16
<rm-2/><rpEndDel/>       0.00      0.00      0.00         9
   <rm-6/><rpMid/>       0.00      0.00      0.00         9
<rm-4/><rpEndSub/>       0.00      0.00      0.00         9
   <rm-7/><rpMid/>       0.00      0.00      0.00         3
<rm-3/><rpEndDel/>       0.00      0.00      0.00         5
<rm-5/><rpEndSub/>       0.00      0.00      0.00         2
   <rm-8/><rpMid/>       0.00      0.00      0.00         3
<rm-4/><rpEndDel/>       0.00      0.00      0.00         0
<rm-5/><rpEndDel/>       0.00      0.00      0.00         0
<rm-6/><rpEndSub/>       0.00      0.00      0.00         0
<rm-7/><rpEndSub/>       0.00      0.00      0.00         0
<rm-7/><rpEndDel/>       0.00      0.00      0.00         0
<rm-6/><rpEndDel/>       0.00      0.00      0.00         0
<rm-8/><rpEndDel/>       0.00      0.00      0.00         0
<rm-8/><rpEndSub/>       0.00      0.00      0.00         0

       avg / total       0.95      0.96      0.95     47154

%%%%%%%%%%
24
                    precision    recall  f1-score   support

              <f/>       0.97      0.99      0.98     39810
              <e/>       0.92      0.91      0.91      4011
              <c/>       0.90      0.97      0.93      2061
<rm-1/><rpEndSub/>       0.80      0.86      0.83      1081
       <rpEndSub/>       0.69      0.19      0.30       610
   <rm-2/><rpMid/>       0.64      0.39      0.49       255
   <rm-1/><rpMid/>       0.75      0.02      0.04       157
<rm-2/><rpEndSub/>       0.72      0.45      0.55       139
   <rm-3/><rpMid/>       0.61      0.17      0.27       117
<rm-1/><rpEndDel/>       0.00      0.00      0.00        80
   <rm-4/><rpMid/>       0.33      0.02      0.04        49
   <rm-5/><rpMid/>       0.00      0.00      0.00        22
<rm-3/><rpEndSub/>       0.00      0.00      0.00        20
<rm-2/><rpEndDel/>       0.00      0.00      0.00        17
   <rm-6/><rpMid/>       0.00      0.00      0.00        14
<rm-4/><rpEndSub/>       0.00      0.00      0.00         5
   <rm-7/><rpMid/>       0.00      0.00      0.00         5
<rm-3/><rpEndDel/>       0.00      0.00      0.00         1
<rm-5/><rpEndSub/>       0.00      0.00      0.00         7
   <rm-8/><rpMid/>       0.00      0.00      0.00         6
<rm-4/><rpEndDel/>       0.00      0.00      0.00         3
<rm-5/><rpEndDel/>       0.00      0.00      0.00         1
<rm-6/><rpEndSub/>       0.00      0.00      0.00         1
<rm-7/><rpEndSub/>       0.00      0.00      0.00         0
<rm-7/><rpEndDel/>       0.00      0.00      0.00         1
<rm-6/><rpEndDel/>       0.00      0.00      0.00         0
<rm-8/><rpEndDel/>       0.00      0.00      0.00         2
<rm-8/><rpEndSub/>       0.00      0.00      0.00         0

       avg / total       0.95      0.95      0.95     48475

                    precision    recall  f1-score   support

              <f/>       0.97      0.99      0.98     38974
              <e/>       0.91      0.89      0.90      3877
              <c/>       0.88      0.97      0.92      2050
<rm-1/><rpEndSub/>       0.80      0.83      0.82       904
       <rpEndSub/>       0.76      0.20      0.32       569
   <rm-2/><rpMid/>       0.70      0.41      0.52       268
   <rm-1/><rpMid/>       0.50      0.01      0.03       134
<rm-2/><rpEndSub/>       0.80      0.38      0.52        87
   <rm-3/><rpMid/>       0.54      0.16      0.24        96
<rm-1/><rpEndDel/>       0.00      0.00      0.00        70
   <rm-4/><rpMid/>       1.00      0.04      0.08        50
   <rm-5/><rpMid/>       0.00      0.00      0.00        19
<rm-3/><rpEndSub/>       1.00      0.06      0.12        16
<rm-2/><rpEndDel/>       0.00      0.00      0.00         9
   <rm-6/><rpMid/>       0.00      0.00      0.00         9
<rm-4/><rpEndSub/>       0.00      0.00      0.00         9
   <rm-7/><rpMid/>       0.00      0.00      0.00         3
<rm-3/><rpEndDel/>       0.00      0.00      0.00         5
<rm-5/><rpEndSub/>       0.00      0.00      0.00         2
   <rm-8/><rpMid/>       0.00      0.00      0.00         3
<rm-4/><rpEndDel/>       0.00      0.00      0.00         0
<rm-5/><rpEndDel/>       0.00      0.00      0.00         0
<rm-6/><rpEndSub/>       0.00      0.00      0.00         0
<rm-7/><rpEndSub/>       0.00      0.00      0.00         0
<rm-7/><rpEndDel/>       0.00      0.00      0.00         0
<rm-6/><rpEndDel/>       0.00      0.00      0.00         0
<rm-8/><rpEndDel/>       0.00      0.00      0.00         0
<rm-8/><rpEndSub/>       0.00      0.00      0.00         0

       avg / total       0.95      0.96      0.95     47154

%%%%%%%%%%
25
                    precision    recall  f1-score   support

              <f/>       0.97      0.99      0.98     39810
              <e/>       0.91      0.93      0.92      4011
              <c/>       0.89      0.98      0.93      2061
<rm-1/><rpEndSub/>       0.83      0.85      0.84      1081
       <rpEndSub/>       0.67      0.22      0.33       610
   <rm-2/><rpMid/>       0.67      0.40      0.50       255
   <rm-1/><rpMid/>       0.40      0.03      0.05       157
<rm-2/><rpEndSub/>       0.67      0.52      0.58       139
   <rm-3/><rpMid/>       0.55      0.21      0.30       117
<rm-1/><rpEndDel/>       0.00      0.00      0.00        80
   <rm-4/><rpMid/>       0.20      0.02      0.04        49
   <rm-5/><rpMid/>       0.00      0.00      0.00        22
<rm-3/><rpEndSub/>       0.00      0.00      0.00        20
<rm-2/><rpEndDel/>       0.00      0.00      0.00        17
   <rm-6/><rpMid/>       0.00      0.00      0.00        14
<rm-4/><rpEndSub/>       0.00      0.00      0.00         5
   <rm-7/><rpMid/>       0.00      0.00      0.00         5
<rm-3/><rpEndDel/>       0.00      0.00      0.00         1
<rm-5/><rpEndSub/>       0.00      0.00      0.00         7
   <rm-8/><rpMid/>       0.00      0.00      0.00         6
<rm-4/><rpEndDel/>       0.00      0.00      0.00         3
<rm-5/><rpEndDel/>       0.00      0.00      0.00         1
<rm-6/><rpEndSub/>       0.00      0.00      0.00         1
<rm-7/><rpEndSub/>       0.00      0.00      0.00         0
<rm-7/><rpEndDel/>       0.00      0.00      0.00         1
<rm-6/><rpEndDel/>       0.00      0.00      0.00         0
<rm-8/><rpEndDel/>       0.00      0.00      0.00         2
<rm-8/><rpEndSub/>       0.00      0.00      0.00         0

       avg / total       0.95      0.96      0.95     48475

                    precision    recall  f1-score   support

              <f/>       0.97      0.99      0.98     38974
              <e/>       0.89      0.91      0.90      3877
              <c/>       0.89      0.97      0.93      2050
<rm-1/><rpEndSub/>       0.84      0.81      0.82       904
       <rpEndSub/>       0.66      0.21      0.32       569
   <rm-2/><rpMid/>       0.66      0.41      0.51       268
   <rm-1/><rpMid/>       0.62      0.04      0.07       134
<rm-2/><rpEndSub/>       0.77      0.49      0.60        87
   <rm-3/><rpMid/>       0.50      0.20      0.28        96
<rm-1/><rpEndDel/>       0.00      0.00      0.00        70
   <rm-4/><rpMid/>       0.80      0.08      0.15        50
   <rm-5/><rpMid/>       0.00      0.00      0.00        19
<rm-3/><rpEndSub/>       0.00      0.00      0.00        16
<rm-2/><rpEndDel/>       0.00      0.00      0.00         9
   <rm-6/><rpMid/>       0.00      0.00      0.00         9
<rm-4/><rpEndSub/>       0.00      0.00      0.00         9
   <rm-7/><rpMid/>       0.00      0.00      0.00         3
<rm-3/><rpEndDel/>       0.00      0.00      0.00         5
<rm-5/><rpEndSub/>       0.00      0.00      0.00         2
   <rm-8/><rpMid/>       0.00      0.00      0.00         3
<rm-4/><rpEndDel/>       0.00      0.00      0.00         0
<rm-5/><rpEndDel/>       0.00      0.00      0.00         0
<rm-6/><rpEndSub/>       0.00      0.00      0.00         0
<rm-7/><rpEndSub/>       0.00      0.00      0.00         0
<rm-7/><rpEndDel/>       0.00      0.00      0.00         0
<rm-6/><rpEndDel/>       0.00      0.00      0.00         0
<rm-8/><rpEndDel/>       0.00      0.00      0.00         0
<rm-8/><rpEndSub/>       0.00      0.00      0.00         0

       avg / total       0.95      0.95      0.95     47154

%%%%%%%%%%
26
                    precision    recall  f1-score   support

              <f/>       0.97      0.99      0.98     39810
              <e/>       0.89      0.93      0.91      4011
              <c/>       0.88      0.98      0.93      2061
<rm-1/><rpEndSub/>       0.83      0.84      0.84      1081
       <rpEndSub/>       0.59      0.23      0.34       610
   <rm-2/><rpMid/>       0.61      0.41      0.49       255
   <rm-1/><rpMid/>       0.50      0.06      0.11       157
<rm-2/><rpEndSub/>       0.68      0.53      0.60       139
   <rm-3/><rpMid/>       0.71      0.19      0.30       117
<rm-1/><rpEndDel/>       0.00      0.00      0.00        80
   <rm-4/><rpMid/>       0.33      0.06      0.10        49
   <rm-5/><rpMid/>       0.00      0.00      0.00        22
<rm-3/><rpEndSub/>       0.00      0.00      0.00        20
<rm-2/><rpEndDel/>       0.00      0.00      0.00        17
   <rm-6/><rpMid/>       0.00      0.00      0.00        14
<rm-4/><rpEndSub/>       0.00      0.00      0.00         5
   <rm-7/><rpMid/>       0.00      0.00      0.00         5
<rm-3/><rpEndDel/>       0.00      0.00      0.00         1
<rm-5/><rpEndSub/>       0.00      0.00      0.00         7
   <rm-8/><rpMid/>       0.00      0.00      0.00         6
<rm-4/><rpEndDel/>       0.00      0.00      0.00         3
<rm-5/><rpEndDel/>       0.00      0.00      0.00         1
<rm-6/><rpEndSub/>       0.00      0.00      0.00         1
<rm-7/><rpEndSub/>       0.00      0.00      0.00         0
<rm-7/><rpEndDel/>       0.00      0.00      0.00         1
<rm-6/><rpEndDel/>       0.00      0.00      0.00         0
<rm-8/><rpEndDel/>       0.00      0.00      0.00         2
<rm-8/><rpEndSub/>       0.00      0.00      0.00         0

       avg / total       0.94      0.95      0.95     48475

                    precision    recall  f1-score   support

              <f/>       0.97      0.99      0.98     38974
              <e/>       0.89      0.92      0.90      3877
              <c/>       0.87      0.98      0.92      2050
<rm-1/><rpEndSub/>       0.85      0.82      0.83       904
       <rpEndSub/>       0.60      0.26      0.36       569
   <rm-2/><rpMid/>       0.72      0.46      0.56       268
   <rm-1/><rpMid/>       0.54      0.05      0.10       134
<rm-2/><rpEndSub/>       0.74      0.48      0.58        87
   <rm-3/><rpMid/>       0.55      0.19      0.28        96
<rm-1/><rpEndDel/>       0.00      0.00      0.00        70
   <rm-4/><rpMid/>       0.62      0.10      0.17        50
   <rm-5/><rpMid/>       0.00      0.00      0.00        19
<rm-3/><rpEndSub/>       0.00      0.00      0.00        16
<rm-2/><rpEndDel/>       0.00      0.00      0.00         9
   <rm-6/><rpMid/>       0.00      0.00      0.00         9
<rm-4/><rpEndSub/>       0.00      0.00      0.00         9
   <rm-7/><rpMid/>       0.00      0.00      0.00         3
<rm-3/><rpEndDel/>       0.00      0.00      0.00         5
<rm-5/><rpEndSub/>       0.00      0.00      0.00         2
   <rm-8/><rpMid/>       0.00      0.00      0.00         3
<rm-4/><rpEndDel/>       0.00      0.00      0.00         0
<rm-5/><rpEndDel/>       0.00      0.00      0.00         0
<rm-6/><rpEndSub/>       0.00      0.00      0.00         0
<rm-7/><rpEndSub/>       0.00      0.00      0.00         0
<rm-7/><rpEndDel/>       0.00      0.00      0.00         0
<rm-6/><rpEndDel/>       0.00      0.00      0.00         0
<rm-8/><rpEndDel/>       0.00      0.00      0.00         0
<rm-8/><rpEndSub/>       0.00      0.00      0.00         0

       avg / total       0.95      0.96      0.95     47154

%%%%%%%%%%
