1
                    precision    recall  f1-score   support

              <f/>       0.95      0.99      0.97     39810
              <e/>       0.88      0.94      0.91      4011
              <c/>       0.83      0.97      0.90      2061
<rm-1/><rpEndSub/>       0.65      0.27      0.39      1081
       <rpEndSub/>       0.15      0.00      0.01       610
   <rm-2/><rpMid/>       0.27      0.03      0.05       255
   <rm-1/><rpMid/>       0.00      0.00      0.00       157
<rm-2/><rpEndSub/>       0.00      0.00      0.00       139
   <rm-3/><rpMid/>       0.00      0.00      0.00       117
<rm-1/><rpEndDel/>       0.00      0.00      0.00        80
   <rm-4/><rpMid/>       0.00      0.00      0.00        49
   <rm-5/><rpMid/>       0.00      0.00      0.00        22
<rm-3/><rpEndSub/>       0.00      0.00      0.00        20
<rm-2/><rpEndDel/>       0.00      0.00      0.00        17
   <rm-6/><rpMid/>       0.00      0.00      0.00        14
<rm-4/><rpEndSub/>       0.00      0.00      0.00         5
   <rm-7/><rpMid/>       0.00      0.00      0.00         5
<rm-3/><rpEndDel/>       0.00      0.00      0.00         1
<rm-5/><rpEndSub/>       0.00      0.00      0.00         7
   <rm-8/><rpMid/>       0.00      0.00      0.00         6
<rm-4/><rpEndDel/>       0.00      0.00      0.00         3
<rm-5/><rpEndDel/>       0.00      0.00      0.00         1
<rm-6/><rpEndSub/>       0.00      0.00      0.00         1
<rm-7/><rpEndSub/>       0.00      0.00      0.00         0
<rm-7/><rpEndDel/>       0.00      0.00      0.00         1
<rm-6/><rpEndDel/>       0.00      0.00      0.00         0
<rm-8/><rpEndDel/>       0.00      0.00      0.00         2
<rm-8/><rpEndSub/>       0.00      0.00      0.00         0

       avg / total       0.91      0.94      0.92     48475

                    precision    recall  f1-score   support

              <f/>       0.95      0.99      0.97     38974
              <e/>       0.87      0.92      0.90      3877
              <c/>       0.83      0.97      0.90      2050
<rm-1/><rpEndSub/>       0.69      0.23      0.35       904
       <rpEndSub/>       0.00      0.00      0.00       569
   <rm-2/><rpMid/>       0.50      0.03      0.06       268
   <rm-1/><rpMid/>       0.00      0.00      0.00       134
<rm-2/><rpEndSub/>       0.00      0.00      0.00        87
   <rm-3/><rpMid/>       0.00      0.00      0.00        96
<rm-1/><rpEndDel/>       0.00      0.00      0.00        70
   <rm-4/><rpMid/>       0.00      0.00      0.00        50
   <rm-5/><rpMid/>       0.00      0.00      0.00        19
<rm-3/><rpEndSub/>       0.00      0.00      0.00        16
<rm-2/><rpEndDel/>       0.00      0.00      0.00         9
   <rm-6/><rpMid/>       0.00      0.00      0.00         9
<rm-4/><rpEndSub/>       0.00      0.00      0.00         9
   <rm-7/><rpMid/>       0.00      0.00      0.00         3
<rm-3/><rpEndDel/>       0.00      0.00      0.00         5
<rm-5/><rpEndSub/>       0.00      0.00      0.00         2
   <rm-8/><rpMid/>       0.00      0.00      0.00         3
<rm-4/><rpEndDel/>       0.00      0.00      0.00         0
<rm-5/><rpEndDel/>       0.00      0.00      0.00         0
<rm-6/><rpEndSub/>       0.00      0.00      0.00         0
<rm-7/><rpEndSub/>       0.00      0.00      0.00         0
<rm-7/><rpEndDel/>       0.00      0.00      0.00         0
<rm-6/><rpEndDel/>       0.00      0.00      0.00         0
<rm-8/><rpEndDel/>       0.00      0.00      0.00         0
<rm-8/><rpEndSub/>       0.00      0.00      0.00         0

       avg / total       0.91      0.94      0.92     47154

%%%%%%%%%%
2
                    precision    recall  f1-score   support

              <f/>       0.96      0.99      0.97     39810
              <e/>       0.90      0.92      0.91      4011
              <c/>       0.86      0.97      0.91      2061
<rm-1/><rpEndSub/>       0.73      0.57      0.64      1081
       <rpEndSub/>       0.55      0.04      0.08       610
   <rm-2/><rpMid/>       0.61      0.09      0.15       255
   <rm-1/><rpMid/>       0.00      0.00      0.00       157
<rm-2/><rpEndSub/>       0.74      0.28      0.41       139
   <rm-3/><rpMid/>       0.00      0.00      0.00       117
<rm-1/><rpEndDel/>       0.00      0.00      0.00        80
   <rm-4/><rpMid/>       0.00      0.00      0.00        49
   <rm-5/><rpMid/>       0.00      0.00      0.00        22
<rm-3/><rpEndSub/>       0.00      0.00      0.00        20
<rm-2/><rpEndDel/>       0.00      0.00      0.00        17
   <rm-6/><rpMid/>       0.00      0.00      0.00        14
<rm-4/><rpEndSub/>       0.00      0.00      0.00         5
   <rm-7/><rpMid/>       0.00      0.00      0.00         5
<rm-3/><rpEndDel/>       0.00      0.00      0.00         1
<rm-5/><rpEndSub/>       0.00      0.00      0.00         7
   <rm-8/><rpMid/>       0.00      0.00      0.00         6
<rm-4/><rpEndDel/>       0.00      0.00      0.00         3
<rm-5/><rpEndDel/>       0.00      0.00      0.00         1
<rm-6/><rpEndSub/>       0.00      0.00      0.00         1
<rm-7/><rpEndSub/>       0.00      0.00      0.00         0
<rm-7/><rpEndDel/>       0.00      0.00      0.00         1
<rm-6/><rpEndDel/>       0.00      0.00      0.00         0
<rm-8/><rpEndDel/>       0.00      0.00      0.00         2
<rm-8/><rpEndSub/>       0.00      0.00      0.00         0

       avg / total       0.93      0.94      0.93     48475

                    precision    recall  f1-score   support

              <f/>       0.96      0.99      0.97     38974
              <e/>       0.89      0.91      0.90      3877
              <c/>       0.85      0.96      0.90      2050
<rm-1/><rpEndSub/>       0.75      0.50      0.60       904
       <rpEndSub/>       0.64      0.05      0.09       569
   <rm-2/><rpMid/>       0.63      0.08      0.15       268
   <rm-1/><rpMid/>       0.00      0.00      0.00       134
<rm-2/><rpEndSub/>       0.79      0.22      0.34        87
   <rm-3/><rpMid/>       0.00      0.00      0.00        96
<rm-1/><rpEndDel/>       0.00      0.00      0.00        70
   <rm-4/><rpMid/>       0.00      0.00      0.00        50
   <rm-5/><rpMid/>       0.00      0.00      0.00        19
<rm-3/><rpEndSub/>       0.00      0.00      0.00        16
<rm-2/><rpEndDel/>       0.00      0.00      0.00         9
   <rm-6/><rpMid/>       0.00      0.00      0.00         9
<rm-4/><rpEndSub/>       0.00      0.00      0.00         9
   <rm-7/><rpMid/>       0.00      0.00      0.00         3
<rm-3/><rpEndDel/>       0.00      0.00      0.00         5
<rm-5/><rpEndSub/>       0.00      0.00      0.00         2
   <rm-8/><rpMid/>       0.00      0.00      0.00         3
<rm-4/><rpEndDel/>       0.00      0.00      0.00         0
<rm-5/><rpEndDel/>       0.00      0.00      0.00         0
<rm-6/><rpEndSub/>       0.00      0.00      0.00         0
<rm-7/><rpEndSub/>       0.00      0.00      0.00         0
<rm-7/><rpEndDel/>       0.00      0.00      0.00         0
<rm-6/><rpEndDel/>       0.00      0.00      0.00         0
<rm-8/><rpEndDel/>       0.00      0.00      0.00         0
<rm-8/><rpEndSub/>       0.00      0.00      0.00         0

       avg / total       0.93      0.95      0.93     47154

%%%%%%%%%%
3
                    precision    recall  f1-score   support

              <f/>       0.95      0.99      0.97     39810
              <e/>       0.94      0.88      0.91      4011
              <c/>       0.86      0.98      0.91      2061
<rm-1/><rpEndSub/>       0.80      0.58      0.67      1081
       <rpEndSub/>       0.82      0.04      0.07       610
   <rm-2/><rpMid/>       0.53      0.12      0.19       255
   <rm-1/><rpMid/>       0.00      0.00      0.00       157
<rm-2/><rpEndSub/>       0.80      0.28      0.41       139
   <rm-3/><rpMid/>       0.50      0.01      0.02       117
<rm-1/><rpEndDel/>       0.00      0.00      0.00        80
   <rm-4/><rpMid/>       0.00      0.00      0.00        49
   <rm-5/><rpMid/>       0.00      0.00      0.00        22
<rm-3/><rpEndSub/>       0.00      0.00      0.00        20
<rm-2/><rpEndDel/>       0.00      0.00      0.00        17
   <rm-6/><rpMid/>       0.00      0.00      0.00        14
<rm-4/><rpEndSub/>       0.00      0.00      0.00         5
   <rm-7/><rpMid/>       0.00      0.00      0.00         5
<rm-3/><rpEndDel/>       0.00      0.00      0.00         1
<rm-5/><rpEndSub/>       0.00      0.00      0.00         7
   <rm-8/><rpMid/>       0.00      0.00      0.00         6
<rm-4/><rpEndDel/>       0.00      0.00      0.00         3
<rm-5/><rpEndDel/>       0.00      0.00      0.00         1
<rm-6/><rpEndSub/>       0.00      0.00      0.00         1
<rm-7/><rpEndSub/>       0.00      0.00      0.00         0
<rm-7/><rpEndDel/>       0.00      0.00      0.00         1
<rm-6/><rpEndDel/>       0.00      0.00      0.00         0
<rm-8/><rpEndDel/>       0.00      0.00      0.00         2
<rm-8/><rpEndSub/>       0.00      0.00      0.00         0

       avg / total       0.93      0.95      0.93     48475

                    precision    recall  f1-score   support

              <f/>       0.95      0.99      0.97     38974
              <e/>       0.92      0.87      0.89      3877
              <c/>       0.85      0.96      0.90      2050
<rm-1/><rpEndSub/>       0.80      0.51      0.63       904
       <rpEndSub/>       0.77      0.04      0.07       569
   <rm-2/><rpMid/>       0.63      0.13      0.22       268
   <rm-1/><rpMid/>       0.00      0.00      0.00       134
<rm-2/><rpEndSub/>       0.88      0.25      0.39        87
   <rm-3/><rpMid/>       0.00      0.00      0.00        96
<rm-1/><rpEndDel/>       0.00      0.00      0.00        70
   <rm-4/><rpMid/>       0.00      0.00      0.00        50
   <rm-5/><rpMid/>       0.00      0.00      0.00        19
<rm-3/><rpEndSub/>       0.00      0.00      0.00        16
<rm-2/><rpEndDel/>       0.00      0.00      0.00         9
   <rm-6/><rpMid/>       0.00      0.00      0.00         9
<rm-4/><rpEndSub/>       0.00      0.00      0.00         9
   <rm-7/><rpMid/>       0.00      0.00      0.00         3
<rm-3/><rpEndDel/>       0.00      0.00      0.00         5
<rm-5/><rpEndSub/>       0.00      0.00      0.00         2
   <rm-8/><rpMid/>       0.00      0.00      0.00         3
<rm-4/><rpEndDel/>       0.00      0.00      0.00         0
<rm-5/><rpEndDel/>       0.00      0.00      0.00         0
<rm-6/><rpEndSub/>       0.00      0.00      0.00         0
<rm-7/><rpEndSub/>       0.00      0.00      0.00         0
<rm-7/><rpEndDel/>       0.00      0.00      0.00         0
<rm-6/><rpEndDel/>       0.00      0.00      0.00         0
<rm-8/><rpEndDel/>       0.00      0.00      0.00         0
<rm-8/><rpEndSub/>       0.00      0.00      0.00         0

       avg / total       0.93      0.94      0.93     47154

%%%%%%%%%%
4
                    precision    recall  f1-score   support

              <f/>       0.96      0.99      0.98     39810
              <e/>       0.93      0.89      0.91      4011
              <c/>       0.87      0.98      0.92      2061
<rm-1/><rpEndSub/>       0.79      0.73      0.75      1081
       <rpEndSub/>       0.66      0.08      0.14       610
   <rm-2/><rpMid/>       0.55      0.24      0.33       255
   <rm-1/><rpMid/>       0.00      0.00      0.00       157
<rm-2/><rpEndSub/>       0.81      0.27      0.41       139
   <rm-3/><rpMid/>       0.50      0.07      0.12       117
<rm-1/><rpEndDel/>       0.00      0.00      0.00        80
   <rm-4/><rpMid/>       0.00      0.00      0.00        49
   <rm-5/><rpMid/>       0.00      0.00      0.00        22
<rm-3/><rpEndSub/>       0.00      0.00      0.00        20
<rm-2/><rpEndDel/>       0.00      0.00      0.00        17
   <rm-6/><rpMid/>       0.00      0.00      0.00        14
<rm-4/><rpEndSub/>       0.00      0.00      0.00         5
   <rm-7/><rpMid/>       0.00      0.00      0.00         5
<rm-3/><rpEndDel/>       0.00      0.00      0.00         1
<rm-5/><rpEndSub/>       0.00      0.00      0.00         7
   <rm-8/><rpMid/>       0.00      0.00      0.00         6
<rm-4/><rpEndDel/>       0.00      0.00      0.00         3
<rm-5/><rpEndDel/>       0.00      0.00      0.00         1
<rm-6/><rpEndSub/>       0.00      0.00      0.00         1
<rm-7/><rpEndSub/>       0.00      0.00      0.00         0
<rm-7/><rpEndDel/>       0.00      0.00      0.00         1
<rm-6/><rpEndDel/>       0.00      0.00      0.00         0
<rm-8/><rpEndDel/>       0.00      0.00      0.00         2
<rm-8/><rpEndSub/>       0.00      0.00      0.00         0

       avg / total       0.94      0.95      0.94     48475

                    precision    recall  f1-score   support

              <f/>       0.96      0.99      0.98     38974
              <e/>       0.92      0.87      0.90      3877
              <c/>       0.86      0.98      0.91      2050
<rm-1/><rpEndSub/>       0.81      0.65      0.72       904
       <rpEndSub/>       0.66      0.07      0.12       569
   <rm-2/><rpMid/>       0.55      0.19      0.28       268
   <rm-1/><rpMid/>       0.00      0.00      0.00       134
<rm-2/><rpEndSub/>       0.87      0.23      0.36        87
   <rm-3/><rpMid/>       0.33      0.04      0.07        96
<rm-1/><rpEndDel/>       0.00      0.00      0.00        70
   <rm-4/><rpMid/>       0.00      0.00      0.00        50
   <rm-5/><rpMid/>       0.00      0.00      0.00        19
<rm-3/><rpEndSub/>       0.00      0.00      0.00        16
<rm-2/><rpEndDel/>       0.00      0.00      0.00         9
   <rm-6/><rpMid/>       0.00      0.00      0.00         9
<rm-4/><rpEndSub/>       0.00      0.00      0.00         9
   <rm-7/><rpMid/>       0.00      0.00      0.00         3
<rm-3/><rpEndDel/>       0.00      0.00      0.00         5
<rm-5/><rpEndSub/>       0.00      0.00      0.00         2
   <rm-8/><rpMid/>       0.00      0.00      0.00         3
<rm-4/><rpEndDel/>       0.00      0.00      0.00         0
<rm-5/><rpEndDel/>       0.00      0.00      0.00         0
<rm-6/><rpEndSub/>       0.00      0.00      0.00         0
<rm-7/><rpEndSub/>       0.00      0.00      0.00         0
<rm-7/><rpEndDel/>       0.00      0.00      0.00         0
<rm-6/><rpEndDel/>       0.00      0.00      0.00         0
<rm-8/><rpEndDel/>       0.00      0.00      0.00         0
<rm-8/><rpEndSub/>       0.00      0.00      0.00         0

       avg / total       0.94      0.95      0.94     47154

%%%%%%%%%%
5
                    precision    recall  f1-score   support

              <f/>       0.96      0.99      0.98     39810
              <e/>       0.91      0.91      0.91      4011
              <c/>       0.91      0.94      0.93      2061
<rm-1/><rpEndSub/>       0.76      0.78      0.77      1081
       <rpEndSub/>       0.76      0.10      0.18       610
   <rm-2/><rpMid/>       0.61      0.25      0.36       255
   <rm-1/><rpMid/>       0.00      0.00      0.00       157
<rm-2/><rpEndSub/>       0.58      0.35      0.44       139
   <rm-3/><rpMid/>       0.58      0.06      0.11       117
<rm-1/><rpEndDel/>       0.00      0.00      0.00        80
   <rm-4/><rpMid/>       0.00      0.00      0.00        49
   <rm-5/><rpMid/>       0.00      0.00      0.00        22
<rm-3/><rpEndSub/>       0.00      0.00      0.00        20
<rm-2/><rpEndDel/>       0.00      0.00      0.00        17
   <rm-6/><rpMid/>       0.00      0.00      0.00        14
<rm-4/><rpEndSub/>       0.00      0.00      0.00         5
   <rm-7/><rpMid/>       0.00      0.00      0.00         5
<rm-3/><rpEndDel/>       0.00      0.00      0.00         1
<rm-5/><rpEndSub/>       0.00      0.00      0.00         7
   <rm-8/><rpMid/>       0.00      0.00      0.00         6
<rm-4/><rpEndDel/>       0.00      0.00      0.00         3
<rm-5/><rpEndDel/>       0.00      0.00      0.00         1
<rm-6/><rpEndSub/>       0.00      0.00      0.00         1
<rm-7/><rpEndSub/>       0.00      0.00      0.00         0
<rm-7/><rpEndDel/>       0.00      0.00      0.00         1
<rm-6/><rpEndDel/>       0.00      0.00      0.00         0
<rm-8/><rpEndDel/>       0.00      0.00      0.00         2
<rm-8/><rpEndSub/>       0.00      0.00      0.00         0

       avg / total       0.94      0.95      0.94     48475

                    precision    recall  f1-score   support

              <f/>       0.96      0.99      0.98     38974
              <e/>       0.90      0.89      0.90      3877
              <c/>       0.90      0.92      0.91      2050
<rm-1/><rpEndSub/>       0.78      0.73      0.76       904
       <rpEndSub/>       0.75      0.09      0.17       569
   <rm-2/><rpMid/>       0.68      0.26      0.37       268
   <rm-1/><rpMid/>       0.00      0.00      0.00       134
<rm-2/><rpEndSub/>       0.66      0.33      0.44        87
   <rm-3/><rpMid/>       0.43      0.03      0.06        96
<rm-1/><rpEndDel/>       0.00      0.00      0.00        70
   <rm-4/><rpMid/>       0.00      0.00      0.00        50
   <rm-5/><rpMid/>       0.00      0.00      0.00        19
<rm-3/><rpEndSub/>       0.00      0.00      0.00        16
<rm-2/><rpEndDel/>       0.00      0.00      0.00         9
   <rm-6/><rpMid/>       0.00      0.00      0.00         9
<rm-4/><rpEndSub/>       0.00      0.00      0.00         9
   <rm-7/><rpMid/>       0.00      0.00      0.00         3
<rm-3/><rpEndDel/>       0.00      0.00      0.00         5
<rm-5/><rpEndSub/>       0.00      0.00      0.00         2
   <rm-8/><rpMid/>       0.00      0.00      0.00         3
<rm-4/><rpEndDel/>       0.00      0.00      0.00         0
<rm-5/><rpEndDel/>       0.00      0.00      0.00         0
<rm-6/><rpEndSub/>       0.00      0.00      0.00         0
<rm-7/><rpEndSub/>       0.00      0.00      0.00         0
<rm-7/><rpEndDel/>       0.00      0.00      0.00         0
<rm-6/><rpEndDel/>       0.00      0.00      0.00         0
<rm-8/><rpEndDel/>       0.00      0.00      0.00         0
<rm-8/><rpEndSub/>       0.00      0.00      0.00         0

       avg / total       0.94      0.95      0.94     47154

%%%%%%%%%%
6
                    precision    recall  f1-score   support

              <f/>       0.96      0.99      0.98     39810
              <e/>       0.95      0.87      0.91      4011
              <c/>       0.91      0.97      0.94      2061
<rm-1/><rpEndSub/>       0.75      0.83      0.79      1081
       <rpEndSub/>       0.67      0.14      0.23       610
   <rm-2/><rpMid/>       0.62      0.31      0.41       255
   <rm-1/><rpMid/>       1.00      0.01      0.01       157
<rm-2/><rpEndSub/>       0.77      0.29      0.43       139
   <rm-3/><rpMid/>       0.50      0.08      0.13       117
<rm-1/><rpEndDel/>       0.00      0.00      0.00        80
   <rm-4/><rpMid/>       0.00      0.00      0.00        49
   <rm-5/><rpMid/>       0.00      0.00      0.00        22
<rm-3/><rpEndSub/>       0.00      0.00      0.00        20
<rm-2/><rpEndDel/>       0.00      0.00      0.00        17
   <rm-6/><rpMid/>       0.00      0.00      0.00        14
<rm-4/><rpEndSub/>       0.00      0.00      0.00         5
   <rm-7/><rpMid/>       0.00      0.00      0.00         5
<rm-3/><rpEndDel/>       0.00      0.00      0.00         1
<rm-5/><rpEndSub/>       0.00      0.00      0.00         7
   <rm-8/><rpMid/>       0.00      0.00      0.00         6
<rm-4/><rpEndDel/>       0.00      0.00      0.00         3
<rm-5/><rpEndDel/>       0.00      0.00      0.00         1
<rm-6/><rpEndSub/>       0.00      0.00      0.00         1
<rm-7/><rpEndSub/>       0.00      0.00      0.00         0
<rm-7/><rpEndDel/>       0.00      0.00      0.00         1
<rm-6/><rpEndDel/>       0.00      0.00      0.00         0
<rm-8/><rpEndDel/>       0.00      0.00      0.00         2
<rm-8/><rpEndSub/>       0.00      0.00      0.00         0

       avg / total       0.94      0.95      0.94     48475

                    precision    recall  f1-score   support

              <f/>       0.96      0.99      0.98     38974
              <e/>       0.94      0.85      0.89      3877
              <c/>       0.88      0.96      0.92      2050
<rm-1/><rpEndSub/>       0.77      0.78      0.78       904
       <rpEndSub/>       0.67      0.13      0.22       569
   <rm-2/><rpMid/>       0.65      0.28      0.39       268
   <rm-1/><rpMid/>       0.00      0.00      0.00       134
<rm-2/><rpEndSub/>       0.88      0.26      0.41        87
   <rm-3/><rpMid/>       0.50      0.06      0.11        96
<rm-1/><rpEndDel/>       0.00      0.00      0.00        70
   <rm-4/><rpMid/>       0.00      0.00      0.00        50
   <rm-5/><rpMid/>       0.00      0.00      0.00        19
<rm-3/><rpEndSub/>       0.00      0.00      0.00        16
<rm-2/><rpEndDel/>       0.00      0.00      0.00         9
   <rm-6/><rpMid/>       0.00      0.00      0.00         9
<rm-4/><rpEndSub/>       0.00      0.00      0.00         9
   <rm-7/><rpMid/>       0.00      0.00      0.00         3
<rm-3/><rpEndDel/>       0.00      0.00      0.00         5
<rm-5/><rpEndSub/>       0.00      0.00      0.00         2
   <rm-8/><rpMid/>       0.00      0.00      0.00         3
<rm-4/><rpEndDel/>       0.00      0.00      0.00         0
<rm-5/><rpEndDel/>       0.00      0.00      0.00         0
<rm-6/><rpEndSub/>       0.00      0.00      0.00         0
<rm-7/><rpEndSub/>       0.00      0.00      0.00         0
<rm-7/><rpEndDel/>       0.00      0.00      0.00         0
<rm-6/><rpEndDel/>       0.00      0.00      0.00         0
<rm-8/><rpEndDel/>       0.00      0.00      0.00         0
<rm-8/><rpEndSub/>       0.00      0.00      0.00         0

       avg / total       0.94      0.95      0.94     47154

%%%%%%%%%%
7
                    precision    recall  f1-score   support

              <f/>       0.97      0.99      0.98     39810
              <e/>       0.92      0.90      0.91      4011
              <c/>       0.87      0.98      0.93      2061
<rm-1/><rpEndSub/>       0.81      0.80      0.80      1081
       <rpEndSub/>       0.69      0.15      0.25       610
   <rm-2/><rpMid/>       0.62      0.32      0.42       255
   <rm-1/><rpMid/>       0.60      0.02      0.04       157
<rm-2/><rpEndSub/>       0.62      0.40      0.48       139
   <rm-3/><rpMid/>       0.44      0.09      0.15       117
<rm-1/><rpEndDel/>       0.00      0.00      0.00        80
   <rm-4/><rpMid/>       0.00      0.00      0.00        49
   <rm-5/><rpMid/>       0.00      0.00      0.00        22
<rm-3/><rpEndSub/>       0.00      0.00      0.00        20
<rm-2/><rpEndDel/>       0.00      0.00      0.00        17
   <rm-6/><rpMid/>       0.00      0.00      0.00        14
<rm-4/><rpEndSub/>       0.00      0.00      0.00         5
   <rm-7/><rpMid/>       0.00      0.00      0.00         5
<rm-3/><rpEndDel/>       0.00      0.00      0.00         1
<rm-5/><rpEndSub/>       0.00      0.00      0.00         7
   <rm-8/><rpMid/>       0.00      0.00      0.00         6
<rm-4/><rpEndDel/>       0.00      0.00      0.00         3
<rm-5/><rpEndDel/>       0.00      0.00      0.00         1
<rm-6/><rpEndSub/>       0.00      0.00      0.00         1
<rm-7/><rpEndSub/>       0.00      0.00      0.00         0
<rm-7/><rpEndDel/>       0.00      0.00      0.00         1
<rm-6/><rpEndDel/>       0.00      0.00      0.00         0
<rm-8/><rpEndDel/>       0.00      0.00      0.00         2
<rm-8/><rpEndSub/>       0.00      0.00      0.00         0

       avg / total       0.94      0.95      0.94     48475

                    precision    recall  f1-score   support

              <f/>       0.97      0.99      0.98     38974
              <e/>       0.91      0.89      0.90      3877
              <c/>       0.86      0.98      0.92      2050
<rm-1/><rpEndSub/>       0.83      0.75      0.79       904
       <rpEndSub/>       0.74      0.14      0.23       569
   <rm-2/><rpMid/>       0.62      0.28      0.38       268
   <rm-1/><rpMid/>       0.00      0.00      0.00       134
<rm-2/><rpEndSub/>       0.64      0.34      0.45        87
   <rm-3/><rpMid/>       0.39      0.09      0.15        96
<rm-1/><rpEndDel/>       0.00      0.00      0.00        70
   <rm-4/><rpMid/>       0.00      0.00      0.00        50
   <rm-5/><rpMid/>       0.00      0.00      0.00        19
<rm-3/><rpEndSub/>       0.00      0.00      0.00        16
<rm-2/><rpEndDel/>       0.00      0.00      0.00         9
   <rm-6/><rpMid/>       0.00      0.00      0.00         9
<rm-4/><rpEndSub/>       0.00      0.00      0.00         9
   <rm-7/><rpMid/>       0.00      0.00      0.00         3
<rm-3/><rpEndDel/>       0.00      0.00      0.00         5
<rm-5/><rpEndSub/>       0.00      0.00      0.00         2
   <rm-8/><rpMid/>       0.00      0.00      0.00         3
<rm-4/><rpEndDel/>       0.00      0.00      0.00         0
<rm-5/><rpEndDel/>       0.00      0.00      0.00         0
<rm-6/><rpEndSub/>       0.00      0.00      0.00         0
<rm-7/><rpEndSub/>       0.00      0.00      0.00         0
<rm-7/><rpEndDel/>       0.00      0.00      0.00         0
<rm-6/><rpEndDel/>       0.00      0.00      0.00         0
<rm-8/><rpEndDel/>       0.00      0.00      0.00         0
<rm-8/><rpEndSub/>       0.00      0.00      0.00         0

       avg / total       0.94      0.95      0.94     47154

%%%%%%%%%%
8
                    precision    recall  f1-score   support

              <f/>       0.97      0.99      0.98     39810
              <e/>       0.91      0.91      0.91      4011
              <c/>       0.88      0.98      0.93      2061
<rm-1/><rpEndSub/>       0.81      0.80      0.80      1081
       <rpEndSub/>       0.66      0.17      0.27       610
   <rm-2/><rpMid/>       0.62      0.33      0.43       255
   <rm-1/><rpMid/>       0.75      0.02      0.04       157
<rm-2/><rpEndSub/>       0.73      0.40      0.52       139
   <rm-3/><rpMid/>       0.57      0.11      0.19       117
<rm-1/><rpEndDel/>       0.00      0.00      0.00        80
   <rm-4/><rpMid/>       0.00      0.00      0.00        49
   <rm-5/><rpMid/>       0.00      0.00      0.00        22
<rm-3/><rpEndSub/>       0.00      0.00      0.00        20
<rm-2/><rpEndDel/>       0.00      0.00      0.00        17
   <rm-6/><rpMid/>       0.00      0.00      0.00        14
<rm-4/><rpEndSub/>       0.00      0.00      0.00         5
   <rm-7/><rpMid/>       0.00      0.00      0.00         5
<rm-3/><rpEndDel/>       0.00      0.00      0.00         1
<rm-5/><rpEndSub/>       0.00      0.00      0.00         7
   <rm-8/><rpMid/>       0.00      0.00      0.00         6
<rm-4/><rpEndDel/>       0.00      0.00      0.00         3
<rm-5/><rpEndDel/>       0.00      0.00      0.00         1
<rm-6/><rpEndSub/>       0.00      0.00      0.00         1
<rm-7/><rpEndSub/>       0.00      0.00      0.00         0
<rm-7/><rpEndDel/>       0.00      0.00      0.00         1
<rm-6/><rpEndDel/>       0.00      0.00      0.00         0
<rm-8/><rpEndDel/>       0.00      0.00      0.00         2
<rm-8/><rpEndSub/>       0.00      0.00      0.00         0

       avg / total       0.94      0.95      0.94     48475

                    precision    recall  f1-score   support

              <f/>       0.97      0.99      0.98     38974
              <e/>       0.91      0.90      0.90      3877
              <c/>       0.86      0.98      0.92      2050
<rm-1/><rpEndSub/>       0.83      0.75      0.79       904
       <rpEndSub/>       0.71      0.15      0.25       569
   <rm-2/><rpMid/>       0.70      0.33      0.45       268
   <rm-1/><rpMid/>       0.00      0.00      0.00       134
<rm-2/><rpEndSub/>       0.76      0.30      0.43        87
   <rm-3/><rpMid/>       0.45      0.09      0.16        96
<rm-1/><rpEndDel/>       0.00      0.00      0.00        70
   <rm-4/><rpMid/>       0.00      0.00      0.00        50
   <rm-5/><rpMid/>       0.00      0.00      0.00        19
<rm-3/><rpEndSub/>       0.00      0.00      0.00        16
<rm-2/><rpEndDel/>       0.00      0.00      0.00         9
   <rm-6/><rpMid/>       0.00      0.00      0.00         9
<rm-4/><rpEndSub/>       0.00      0.00      0.00         9
   <rm-7/><rpMid/>       0.00      0.00      0.00         3
<rm-3/><rpEndDel/>       0.00      0.00      0.00         5
<rm-5/><rpEndSub/>       0.00      0.00      0.00         2
   <rm-8/><rpMid/>       0.00      0.00      0.00         3
<rm-4/><rpEndDel/>       0.00      0.00      0.00         0
<rm-5/><rpEndDel/>       0.00      0.00      0.00         0
<rm-6/><rpEndSub/>       0.00      0.00      0.00         0
<rm-7/><rpEndSub/>       0.00      0.00      0.00         0
<rm-7/><rpEndDel/>       0.00      0.00      0.00         0
<rm-6/><rpEndDel/>       0.00      0.00      0.00         0
<rm-8/><rpEndDel/>       0.00      0.00      0.00         0
<rm-8/><rpEndSub/>       0.00      0.00      0.00         0

       avg / total       0.94      0.95      0.94     47154

%%%%%%%%%%
9
                    precision    recall  f1-score   support

              <f/>       0.97      0.99      0.98     39810
              <e/>       0.92      0.91      0.91      4011
              <c/>       0.90      0.97      0.93      2061
<rm-1/><rpEndSub/>       0.79      0.83      0.81      1081
       <rpEndSub/>       0.78      0.12      0.21       610
   <rm-2/><rpMid/>       0.66      0.29      0.40       255
   <rm-1/><rpMid/>       1.00      0.02      0.04       157
<rm-2/><rpEndSub/>       0.69      0.40      0.50       139
   <rm-3/><rpMid/>       0.59      0.11      0.19       117
<rm-1/><rpEndDel/>       0.00      0.00      0.00        80
   <rm-4/><rpMid/>       0.17      0.02      0.04        49
   <rm-5/><rpMid/>       0.00      0.00      0.00        22
<rm-3/><rpEndSub/>       0.00      0.00      0.00        20
<rm-2/><rpEndDel/>       0.00      0.00      0.00        17
   <rm-6/><rpMid/>       0.00      0.00      0.00        14
<rm-4/><rpEndSub/>       0.00      0.00      0.00         5
   <rm-7/><rpMid/>       0.00      0.00      0.00         5
<rm-3/><rpEndDel/>       0.00      0.00      0.00         1
<rm-5/><rpEndSub/>       0.00      0.00      0.00         7
   <rm-8/><rpMid/>       0.00      0.00      0.00         6
<rm-4/><rpEndDel/>       0.00      0.00      0.00         3
<rm-5/><rpEndDel/>       0.00      0.00      0.00         1
<rm-6/><rpEndSub/>       0.00      0.00      0.00         1
<rm-7/><rpEndSub/>       0.00      0.00      0.00         0
<rm-7/><rpEndDel/>       0.00      0.00      0.00         1
<rm-6/><rpEndDel/>       0.00      0.00      0.00         0
<rm-8/><rpEndDel/>       0.00      0.00      0.00         2
<rm-8/><rpEndSub/>       0.00      0.00      0.00         0

       avg / total       0.95      0.95      0.94     48475

                    precision    recall  f1-score   support

              <f/>       0.97      0.99      0.98     38974
              <e/>       0.91      0.89      0.90      3877
              <c/>       0.89      0.96      0.92      2050
<rm-1/><rpEndSub/>       0.81      0.78      0.80       904
       <rpEndSub/>       0.84      0.12      0.21       569
   <rm-2/><rpMid/>       0.74      0.33      0.46       268
   <rm-1/><rpMid/>       0.00      0.00      0.00       134
<rm-2/><rpEndSub/>       0.67      0.32      0.43        87
   <rm-3/><rpMid/>       0.50      0.09      0.16        96
<rm-1/><rpEndDel/>       0.00      0.00      0.00        70
   <rm-4/><rpMid/>       0.33      0.02      0.04        50
   <rm-5/><rpMid/>       0.00      0.00      0.00        19
<rm-3/><rpEndSub/>       0.00      0.00      0.00        16
<rm-2/><rpEndDel/>       0.00      0.00      0.00         9
   <rm-6/><rpMid/>       0.00      0.00      0.00         9
<rm-4/><rpEndSub/>       0.00      0.00      0.00         9
   <rm-7/><rpMid/>       0.00      0.00      0.00         3
<rm-3/><rpEndDel/>       0.00      0.00      0.00         5
<rm-5/><rpEndSub/>       0.00      0.00      0.00         2
   <rm-8/><rpMid/>       0.00      0.00      0.00         3
<rm-4/><rpEndDel/>       0.00      0.00      0.00         0
<rm-5/><rpEndDel/>       0.00      0.00      0.00         0
<rm-6/><rpEndSub/>       0.00      0.00      0.00         0
<rm-7/><rpEndSub/>       0.00      0.00      0.00         0
<rm-7/><rpEndDel/>       0.00      0.00      0.00         0
<rm-6/><rpEndDel/>       0.00      0.00      0.00         0
<rm-8/><rpEndDel/>       0.00      0.00      0.00         0
<rm-8/><rpEndSub/>       0.00      0.00      0.00         0

       avg / total       0.94      0.95      0.94     47154

%%%%%%%%%%
10
                    precision    recall  f1-score   support

              <f/>       0.97      0.99      0.98     39810
              <e/>       0.93      0.90      0.92      4011
              <c/>       0.91      0.97      0.94      2061
<rm-1/><rpEndSub/>       0.81      0.85      0.83      1081
       <rpEndSub/>       0.69      0.19      0.30       610
   <rm-2/><rpMid/>       0.58      0.38      0.46       255
   <rm-1/><rpMid/>       0.80      0.03      0.05       157
<rm-2/><rpEndSub/>       0.57      0.52      0.54       139
   <rm-3/><rpMid/>       0.55      0.15      0.23       117
<rm-1/><rpEndDel/>       0.00      0.00      0.00        80
   <rm-4/><rpMid/>       0.12      0.02      0.04        49
   <rm-5/><rpMid/>       0.00      0.00      0.00        22
<rm-3/><rpEndSub/>       0.50      0.05      0.09        20
<rm-2/><rpEndDel/>       0.00      0.00      0.00        17
   <rm-6/><rpMid/>       0.00      0.00      0.00        14
<rm-4/><rpEndSub/>       0.00      0.00      0.00         5
   <rm-7/><rpMid/>       0.00      0.00      0.00         5
<rm-3/><rpEndDel/>       0.00      0.00      0.00         1
<rm-5/><rpEndSub/>       0.00      0.00      0.00         7
   <rm-8/><rpMid/>       0.00      0.00      0.00         6
<rm-4/><rpEndDel/>       0.00      0.00      0.00         3
<rm-5/><rpEndDel/>       0.00      0.00      0.00         1
<rm-6/><rpEndSub/>       0.00      0.00      0.00         1
<rm-7/><rpEndSub/>       0.00      0.00      0.00         0
<rm-7/><rpEndDel/>       0.00      0.00      0.00         1
<rm-6/><rpEndDel/>       0.00      0.00      0.00         0
<rm-8/><rpEndDel/>       0.00      0.00      0.00         2
<rm-8/><rpEndSub/>       0.00      0.00      0.00         0

       avg / total       0.95      0.95      0.95     48475

                    precision    recall  f1-score   support

              <f/>       0.97      0.99      0.98     38974
              <e/>       0.92      0.88      0.90      3877
              <c/>       0.89      0.97      0.93      2050
<rm-1/><rpEndSub/>       0.83      0.80      0.81       904
       <rpEndSub/>       0.70      0.19      0.30       569
   <rm-2/><rpMid/>       0.65      0.42      0.51       268
   <rm-1/><rpMid/>       0.00      0.00      0.00       134
<rm-2/><rpEndSub/>       0.58      0.45      0.51        87
   <rm-3/><rpMid/>       0.50      0.14      0.21        96
<rm-1/><rpEndDel/>       0.00      0.00      0.00        70
   <rm-4/><rpMid/>       1.00      0.02      0.04        50
   <rm-5/><rpMid/>       0.00      0.00      0.00        19
<rm-3/><rpEndSub/>       1.00      0.06      0.12        16
<rm-2/><rpEndDel/>       0.00      0.00      0.00         9
   <rm-6/><rpMid/>       0.00      0.00      0.00         9
<rm-4/><rpEndSub/>       0.00      0.00      0.00         9
   <rm-7/><rpMid/>       0.00      0.00      0.00         3
<rm-3/><rpEndDel/>       0.00      0.00      0.00         5
<rm-5/><rpEndSub/>       0.00      0.00      0.00         2
   <rm-8/><rpMid/>       0.00      0.00      0.00         3
<rm-4/><rpEndDel/>       0.00      0.00      0.00         0
<rm-5/><rpEndDel/>       0.00      0.00      0.00         0
<rm-6/><rpEndSub/>       0.00      0.00      0.00         0
<rm-7/><rpEndSub/>       0.00      0.00      0.00         0
<rm-7/><rpEndDel/>       0.00      0.00      0.00         0
<rm-6/><rpEndDel/>       0.00      0.00      0.00         0
<rm-8/><rpEndDel/>       0.00      0.00      0.00         0
<rm-8/><rpEndSub/>       0.00      0.00      0.00         0

       avg / total       0.95      0.95      0.95     47154

%%%%%%%%%%
11
                    precision    recall  f1-score   support

              <f/>       0.97      0.99      0.98     39810
              <e/>       0.91      0.91      0.91      4011
              <c/>       0.89      0.98      0.93      2061
<rm-1/><rpEndSub/>       0.82      0.83      0.83      1081
       <rpEndSub/>       0.64      0.20      0.31       610
   <rm-2/><rpMid/>       0.61      0.34      0.44       255
   <rm-1/><rpMid/>       0.67      0.03      0.05       157
<rm-2/><rpEndSub/>       0.61      0.47      0.53       139
   <rm-3/><rpMid/>       0.53      0.15      0.24       117
<rm-1/><rpEndDel/>       0.00      0.00      0.00        80
   <rm-4/><rpMid/>       0.00      0.00      0.00        49
   <rm-5/><rpMid/>       0.00      0.00      0.00        22
<rm-3/><rpEndSub/>       0.50      0.05      0.09        20
<rm-2/><rpEndDel/>       0.00      0.00      0.00        17
   <rm-6/><rpMid/>       0.00      0.00      0.00        14
<rm-4/><rpEndSub/>       0.00      0.00      0.00         5
   <rm-7/><rpMid/>       0.00      0.00      0.00         5
<rm-3/><rpEndDel/>       0.00      0.00      0.00         1
<rm-5/><rpEndSub/>       0.00      0.00      0.00         7
   <rm-8/><rpMid/>       0.00      0.00      0.00         6
<rm-4/><rpEndDel/>       0.00      0.00      0.00         3
<rm-5/><rpEndDel/>       0.00      0.00      0.00         1
<rm-6/><rpEndSub/>       0.00      0.00      0.00         1
<rm-7/><rpEndSub/>       0.00      0.00      0.00         0
<rm-7/><rpEndDel/>       0.00      0.00      0.00         1
<rm-6/><rpEndDel/>       0.00      0.00      0.00         0
<rm-8/><rpEndDel/>       0.00      0.00      0.00         2
<rm-8/><rpEndSub/>       0.00      0.00      0.00         0

       avg / total       0.94      0.95      0.95     48475

                    precision    recall  f1-score   support

              <f/>       0.97      0.99      0.98     38974
              <e/>       0.91      0.90      0.90      3877
              <c/>       0.87      0.98      0.92      2050
<rm-1/><rpEndSub/>       0.84      0.79      0.82       904
       <rpEndSub/>       0.69      0.21      0.32       569
   <rm-2/><rpMid/>       0.69      0.35      0.46       268
   <rm-1/><rpMid/>       0.00      0.00      0.00       134
<rm-2/><rpEndSub/>       0.61      0.46      0.52        87
   <rm-3/><rpMid/>       0.42      0.10      0.17        96
<rm-1/><rpEndDel/>       0.00      0.00      0.00        70
   <rm-4/><rpMid/>       0.50      0.02      0.04        50
   <rm-5/><rpMid/>       0.00      0.00      0.00        19
<rm-3/><rpEndSub/>       0.00      0.00      0.00        16
<rm-2/><rpEndDel/>       0.00      0.00      0.00         9
   <rm-6/><rpMid/>       0.00      0.00      0.00         9
<rm-4/><rpEndSub/>       0.00      0.00      0.00         9
   <rm-7/><rpMid/>       0.00      0.00      0.00         3
<rm-3/><rpEndDel/>       0.00      0.00      0.00         5
<rm-5/><rpEndSub/>       0.00      0.00      0.00         2
   <rm-8/><rpMid/>       0.00      0.00      0.00         3
<rm-4/><rpEndDel/>       0.00      0.00      0.00         0
<rm-5/><rpEndDel/>       0.00      0.00      0.00         0
<rm-6/><rpEndSub/>       0.00      0.00      0.00         0
<rm-7/><rpEndSub/>       0.00      0.00      0.00         0
<rm-7/><rpEndDel/>       0.00      0.00      0.00         0
<rm-6/><rpEndDel/>       0.00      0.00      0.00         0
<rm-8/><rpEndDel/>       0.00      0.00      0.00         0
<rm-8/><rpEndSub/>       0.00      0.00      0.00         0

       avg / total       0.94      0.95      0.95     47154

%%%%%%%%%%
12
                    precision    recall  f1-score   support

              <f/>       0.97      0.99      0.98     39810
              <e/>       0.93      0.90      0.91      4011
              <c/>       0.90      0.97      0.93      2061
<rm-1/><rpEndSub/>       0.80      0.86      0.83      1081
       <rpEndSub/>       0.69      0.17      0.27       610
   <rm-2/><rpMid/>       0.65      0.33      0.44       255
   <rm-1/><rpMid/>       0.50      0.03      0.06       157
<rm-2/><rpEndSub/>       0.56      0.47      0.52       139
   <rm-3/><rpMid/>       0.52      0.11      0.18       117
<rm-1/><rpEndDel/>       0.00      0.00      0.00        80
   <rm-4/><rpMid/>       0.00      0.00      0.00        49
   <rm-5/><rpMid/>       0.00      0.00      0.00        22
<rm-3/><rpEndSub/>       0.00      0.00      0.00        20
<rm-2/><rpEndDel/>       0.00      0.00      0.00        17
   <rm-6/><rpMid/>       0.00      0.00      0.00        14
<rm-4/><rpEndSub/>       0.00      0.00      0.00         5
   <rm-7/><rpMid/>       0.00      0.00      0.00         5
<rm-3/><rpEndDel/>       0.00      0.00      0.00         1
<rm-5/><rpEndSub/>       0.00      0.00      0.00         7
   <rm-8/><rpMid/>       0.00      0.00      0.00         6
<rm-4/><rpEndDel/>       0.00      0.00      0.00         3
<rm-5/><rpEndDel/>       0.00      0.00      0.00         1
<rm-6/><rpEndSub/>       0.00      0.00      0.00         1
<rm-7/><rpEndSub/>       0.00      0.00      0.00         0
<rm-7/><rpEndDel/>       0.00      0.00      0.00         1
<rm-6/><rpEndDel/>       0.00      0.00      0.00         0
<rm-8/><rpEndDel/>       0.00      0.00      0.00         2
<rm-8/><rpEndSub/>       0.00      0.00      0.00         0

       avg / total       0.94      0.95      0.95     48475

                    precision    recall  f1-score   support

              <f/>       0.97      0.99      0.98     38974
              <e/>       0.92      0.89      0.91      3877
              <c/>       0.88      0.98      0.93      2050
<rm-1/><rpEndSub/>       0.82      0.82      0.82       904
       <rpEndSub/>       0.72      0.16      0.26       569
   <rm-2/><rpMid/>       0.76      0.34      0.47       268
   <rm-1/><rpMid/>       0.38      0.02      0.04       134
<rm-2/><rpEndSub/>       0.63      0.43      0.51        87
   <rm-3/><rpMid/>       0.48      0.12      0.20        96
<rm-1/><rpEndDel/>       0.00      0.00      0.00        70
   <rm-4/><rpMid/>       0.33      0.02      0.04        50
   <rm-5/><rpMid/>       0.00      0.00      0.00        19
<rm-3/><rpEndSub/>       0.00      0.00      0.00        16
<rm-2/><rpEndDel/>       0.00      0.00      0.00         9
   <rm-6/><rpMid/>       0.00      0.00      0.00         9
<rm-4/><rpEndSub/>       0.00      0.00      0.00         9
   <rm-7/><rpMid/>       0.00      0.00      0.00         3
<rm-3/><rpEndDel/>       0.00      0.00      0.00         5
<rm-5/><rpEndSub/>       0.00      0.00      0.00         2
   <rm-8/><rpMid/>       0.00      0.00      0.00         3
<rm-4/><rpEndDel/>       0.00      0.00      0.00         0
<rm-5/><rpEndDel/>       0.00      0.00      0.00         0
<rm-6/><rpEndSub/>       0.00      0.00      0.00         0
<rm-7/><rpEndSub/>       0.00      0.00      0.00         0
<rm-7/><rpEndDel/>       0.00      0.00      0.00         0
<rm-6/><rpEndDel/>       0.00      0.00      0.00         0
<rm-8/><rpEndDel/>       0.00      0.00      0.00         0
<rm-8/><rpEndSub/>       0.00      0.00      0.00         0

       avg / total       0.95      0.95      0.95     47154

%%%%%%%%%%
13
                    precision    recall  f1-score   support

              <f/>       0.96      0.99      0.98     39810
              <e/>       0.94      0.89      0.91      4011
              <c/>       0.88      0.98      0.92      2061
<rm-1/><rpEndSub/>       0.84      0.79      0.81      1081
       <rpEndSub/>       0.74      0.14      0.24       610
   <rm-2/><rpMid/>       0.70      0.29      0.41       255
   <rm-1/><rpMid/>       0.67      0.01      0.03       157
<rm-2/><rpEndSub/>       0.72      0.44      0.54       139
   <rm-3/><rpMid/>       0.74      0.12      0.21       117
<rm-1/><rpEndDel/>       0.00      0.00      0.00        80
   <rm-4/><rpMid/>       0.00      0.00      0.00        49
   <rm-5/><rpMid/>       0.00      0.00      0.00        22
<rm-3/><rpEndSub/>       0.00      0.00      0.00        20
<rm-2/><rpEndDel/>       0.00      0.00      0.00        17
   <rm-6/><rpMid/>       0.00      0.00      0.00        14
<rm-4/><rpEndSub/>       0.00      0.00      0.00         5
   <rm-7/><rpMid/>       0.00      0.00      0.00         5
<rm-3/><rpEndDel/>       0.00      0.00      0.00         1
<rm-5/><rpEndSub/>       0.00      0.00      0.00         7
   <rm-8/><rpMid/>       0.00      0.00      0.00         6
<rm-4/><rpEndDel/>       0.00      0.00      0.00         3
<rm-5/><rpEndDel/>       0.00      0.00      0.00         1
<rm-6/><rpEndSub/>       0.00      0.00      0.00         1
<rm-7/><rpEndSub/>       0.00      0.00      0.00         0
<rm-7/><rpEndDel/>       0.00      0.00      0.00         1
<rm-6/><rpEndDel/>       0.00      0.00      0.00         0
<rm-8/><rpEndDel/>       0.00      0.00      0.00         2
<rm-8/><rpEndSub/>       0.00      0.00      0.00         0

       avg / total       0.94      0.95      0.94     48475

                    precision    recall  f1-score   support

              <f/>       0.96      0.99      0.98     38974
              <e/>       0.93      0.87      0.90      3877
              <c/>       0.87      0.97      0.92      2050
<rm-1/><rpEndSub/>       0.86      0.75      0.80       904
       <rpEndSub/>       0.76      0.12      0.21       569
   <rm-2/><rpMid/>       0.76      0.30      0.43       268
   <rm-1/><rpMid/>       0.00      0.00      0.00       134
<rm-2/><rpEndSub/>       0.81      0.39      0.53        87
   <rm-3/><rpMid/>       0.47      0.07      0.13        96
<rm-1/><rpEndDel/>       0.00      0.00      0.00        70
   <rm-4/><rpMid/>       1.00      0.02      0.04        50
   <rm-5/><rpMid/>       0.00      0.00      0.00        19
<rm-3/><rpEndSub/>       0.00      0.00      0.00        16
<rm-2/><rpEndDel/>       0.00      0.00      0.00         9
   <rm-6/><rpMid/>       0.00      0.00      0.00         9
<rm-4/><rpEndSub/>       0.00      0.00      0.00         9
   <rm-7/><rpMid/>       0.00      0.00      0.00         3
<rm-3/><rpEndDel/>       0.00      0.00      0.00         5
<rm-5/><rpEndSub/>       0.00      0.00      0.00         2
   <rm-8/><rpMid/>       0.00      0.00      0.00         3
<rm-4/><rpEndDel/>       0.00      0.00      0.00         0
<rm-5/><rpEndDel/>       0.00      0.00      0.00         0
<rm-6/><rpEndSub/>       0.00      0.00      0.00         0
<rm-7/><rpEndSub/>       0.00      0.00      0.00         0
<rm-7/><rpEndDel/>       0.00      0.00      0.00         0
<rm-6/><rpEndDel/>       0.00      0.00      0.00         0
<rm-8/><rpEndDel/>       0.00      0.00      0.00         0
<rm-8/><rpEndSub/>       0.00      0.00      0.00         0

       avg / total       0.94      0.95      0.94     47154

%%%%%%%%%%
14
                    precision    recall  f1-score   support

              <f/>       0.97      0.99      0.98     39810
              <e/>       0.91      0.92      0.92      4011
              <c/>       0.88      0.98      0.93      2061
<rm-1/><rpEndSub/>       0.84      0.82      0.83      1081
       <rpEndSub/>       0.78      0.15      0.25       610
   <rm-2/><rpMid/>       0.71      0.37      0.49       255
   <rm-1/><rpMid/>       0.60      0.02      0.04       157
<rm-2/><rpEndSub/>       0.70      0.45      0.55       139
   <rm-3/><rpMid/>       0.67      0.15      0.25       117
<rm-1/><rpEndDel/>       0.00      0.00      0.00        80
   <rm-4/><rpMid/>       0.00      0.00      0.00        49
   <rm-5/><rpMid/>       0.00      0.00      0.00        22
<rm-3/><rpEndSub/>       0.00      0.00      0.00        20
<rm-2/><rpEndDel/>       0.00      0.00      0.00        17
   <rm-6/><rpMid/>       0.00      0.00      0.00        14
<rm-4/><rpEndSub/>       0.00      0.00      0.00         5
   <rm-7/><rpMid/>       0.00      0.00      0.00         5
<rm-3/><rpEndDel/>       0.00      0.00      0.00         1
<rm-5/><rpEndSub/>       0.00      0.00      0.00         7
   <rm-8/><rpMid/>       0.00      0.00      0.00         6
<rm-4/><rpEndDel/>       0.00      0.00      0.00         3
<rm-5/><rpEndDel/>       0.00      0.00      0.00         1
<rm-6/><rpEndSub/>       0.00      0.00      0.00         1
<rm-7/><rpEndSub/>       0.00      0.00      0.00         0
<rm-7/><rpEndDel/>       0.00      0.00      0.00         1
<rm-6/><rpEndDel/>       0.00      0.00      0.00         0
<rm-8/><rpEndDel/>       0.00      0.00      0.00         2
<rm-8/><rpEndSub/>       0.00      0.00      0.00         0

       avg / total       0.95      0.95      0.95     48475

                    precision    recall  f1-score   support

              <f/>       0.97      0.99      0.98     38974
              <e/>       0.90      0.90      0.90      3877
              <c/>       0.86      0.98      0.92      2050
<rm-1/><rpEndSub/>       0.85      0.79      0.82       904
       <rpEndSub/>       0.74      0.15      0.25       569
   <rm-2/><rpMid/>       0.75      0.36      0.48       268
   <rm-1/><rpMid/>       0.50      0.01      0.01       134
<rm-2/><rpEndSub/>       0.81      0.40      0.54        87
   <rm-3/><rpMid/>       0.50      0.12      0.20        96
<rm-1/><rpEndDel/>       0.00      0.00      0.00        70
   <rm-4/><rpMid/>       0.33      0.02      0.04        50
   <rm-5/><rpMid/>       0.00      0.00      0.00        19
<rm-3/><rpEndSub/>       1.00      0.06      0.12        16
<rm-2/><rpEndDel/>       0.00      0.00      0.00         9
   <rm-6/><rpMid/>       0.00      0.00      0.00         9
<rm-4/><rpEndSub/>       0.00      0.00      0.00         9
   <rm-7/><rpMid/>       0.00      0.00      0.00         3
<rm-3/><rpEndDel/>       0.00      0.00      0.00         5
<rm-5/><rpEndSub/>       0.00      0.00      0.00         2
   <rm-8/><rpMid/>       0.00      0.00      0.00         3
<rm-4/><rpEndDel/>       0.00      0.00      0.00         0
<rm-5/><rpEndDel/>       0.00      0.00      0.00         0
<rm-6/><rpEndSub/>       0.00      0.00      0.00         0
<rm-7/><rpEndSub/>       0.00      0.00      0.00         0
<rm-7/><rpEndDel/>       0.00      0.00      0.00         0
<rm-6/><rpEndDel/>       0.00      0.00      0.00         0
<rm-8/><rpEndDel/>       0.00      0.00      0.00         0
<rm-8/><rpEndSub/>       0.00      0.00      0.00         0

       avg / total       0.95      0.95      0.95     47154

%%%%%%%%%%
15
                    precision    recall  f1-score   support

              <f/>       0.97      0.99      0.98     39810
              <e/>       0.95      0.88      0.91      4011
              <c/>       0.89      0.98      0.93      2061
<rm-1/><rpEndSub/>       0.80      0.86      0.83      1081
       <rpEndSub/>       0.61      0.25      0.35       610
   <rm-2/><rpMid/>       0.59      0.44      0.50       255
   <rm-1/><rpMid/>       0.50      0.01      0.02       157
<rm-2/><rpEndSub/>       0.69      0.50      0.58       139
   <rm-3/><rpMid/>       0.59      0.16      0.26       117
<rm-1/><rpEndDel/>       0.00      0.00      0.00        80
   <rm-4/><rpMid/>       0.00      0.00      0.00        49
   <rm-5/><rpMid/>       0.00      0.00      0.00        22
<rm-3/><rpEndSub/>       0.00      0.00      0.00        20
<rm-2/><rpEndDel/>       0.00      0.00      0.00        17
   <rm-6/><rpMid/>       0.00      0.00      0.00        14
<rm-4/><rpEndSub/>       0.00      0.00      0.00         5
   <rm-7/><rpMid/>       0.00      0.00      0.00         5
<rm-3/><rpEndDel/>       0.00      0.00      0.00         1
<rm-5/><rpEndSub/>       0.00      0.00      0.00         7
   <rm-8/><rpMid/>       0.00      0.00      0.00         6
<rm-4/><rpEndDel/>       0.00      0.00      0.00         3
<rm-5/><rpEndDel/>       0.00      0.00      0.00         1
<rm-6/><rpEndSub/>       0.00      0.00      0.00         1
<rm-7/><rpEndSub/>       0.00      0.00      0.00         0
<rm-7/><rpEndDel/>       0.00      0.00      0.00         1
<rm-6/><rpEndDel/>       0.00      0.00      0.00         0
<rm-8/><rpEndDel/>       0.00      0.00      0.00         2
<rm-8/><rpEndSub/>       0.00      0.00      0.00         0

       avg / total       0.94      0.95      0.95     48475

                    precision    recall  f1-score   support

              <f/>       0.97      0.99      0.98     38974
              <e/>       0.94      0.86      0.90      3877
              <c/>       0.88      0.97      0.92      2050
<rm-1/><rpEndSub/>       0.82      0.83      0.83       904
       <rpEndSub/>       0.62      0.25      0.36       569
   <rm-2/><rpMid/>       0.68      0.47      0.56       268
   <rm-1/><rpMid/>       0.00      0.00      0.00       134
<rm-2/><rpEndSub/>       0.82      0.41      0.55        87
   <rm-3/><rpMid/>       0.50      0.15      0.23        96
<rm-1/><rpEndDel/>       0.00      0.00      0.00        70
   <rm-4/><rpMid/>       0.20      0.02      0.04        50
   <rm-5/><rpMid/>       0.00      0.00      0.00        19
<rm-3/><rpEndSub/>       0.00      0.00      0.00        16
<rm-2/><rpEndDel/>       0.00      0.00      0.00         9
   <rm-6/><rpMid/>       0.00      0.00      0.00         9
<rm-4/><rpEndSub/>       0.00      0.00      0.00         9
   <rm-7/><rpMid/>       0.00      0.00      0.00         3
<rm-3/><rpEndDel/>       0.00      0.00      0.00         5
<rm-5/><rpEndSub/>       0.00      0.00      0.00         2
   <rm-8/><rpMid/>       0.00      0.00      0.00         3
<rm-4/><rpEndDel/>       0.00      0.00      0.00         0
<rm-5/><rpEndDel/>       0.00      0.00      0.00         0
<rm-6/><rpEndSub/>       0.00      0.00      0.00         0
<rm-7/><rpEndSub/>       0.00      0.00      0.00         0
<rm-7/><rpEndDel/>       0.00      0.00      0.00         0
<rm-6/><rpEndDel/>       0.00      0.00      0.00         0
<rm-8/><rpEndDel/>       0.00      0.00      0.00         0
<rm-8/><rpEndSub/>       0.00      0.00      0.00         0

       avg / total       0.95      0.96      0.95     47154

%%%%%%%%%%
16
                    precision    recall  f1-score   support

              <f/>       0.97      0.99      0.98     39810
              <e/>       0.93      0.90      0.92      4011
              <c/>       0.90      0.97      0.94      2061
<rm-1/><rpEndSub/>       0.80      0.87      0.83      1081
       <rpEndSub/>       0.66      0.21      0.32       610
   <rm-2/><rpMid/>       0.67      0.39      0.49       255
   <rm-1/><rpMid/>       0.47      0.04      0.08       157
<rm-2/><rpEndSub/>       0.61      0.50      0.55       139
   <rm-3/><rpMid/>       0.59      0.20      0.29       117
<rm-1/><rpEndDel/>       0.00      0.00      0.00        80
   <rm-4/><rpMid/>       0.25      0.02      0.04        49
   <rm-5/><rpMid/>       0.00      0.00      0.00        22
<rm-3/><rpEndSub/>       0.00      0.00      0.00        20
<rm-2/><rpEndDel/>       0.00      0.00      0.00        17
   <rm-6/><rpMid/>       0.00      0.00      0.00        14
<rm-4/><rpEndSub/>       0.00      0.00      0.00         5
   <rm-7/><rpMid/>       0.00      0.00      0.00         5
<rm-3/><rpEndDel/>       0.00      0.00      0.00         1
<rm-5/><rpEndSub/>       0.00      0.00      0.00         7
   <rm-8/><rpMid/>       0.00      0.00      0.00         6
<rm-4/><rpEndDel/>       0.00      0.00      0.00         3
<rm-5/><rpEndDel/>       0.00      0.00      0.00         1
<rm-6/><rpEndSub/>       0.00      0.00      0.00         1
<rm-7/><rpEndSub/>       0.00      0.00      0.00         0
<rm-7/><rpEndDel/>       0.00      0.00      0.00         1
<rm-6/><rpEndDel/>       0.00      0.00      0.00         0
<rm-8/><rpEndDel/>       0.00      0.00      0.00         2
<rm-8/><rpEndSub/>       0.00      0.00      0.00         0

       avg / total       0.95      0.96      0.95     48475

                    precision    recall  f1-score   support

              <f/>       0.97      0.99      0.98     38974
              <e/>       0.92      0.89      0.91      3877
              <c/>       0.89      0.98      0.93      2050
<rm-1/><rpEndSub/>       0.82      0.83      0.83       904
       <rpEndSub/>       0.69      0.23      0.35       569
   <rm-2/><rpMid/>       0.72      0.45      0.55       268
   <rm-1/><rpMid/>       0.29      0.03      0.05       134
<rm-2/><rpEndSub/>       0.59      0.45      0.51        87
   <rm-3/><rpMid/>       0.51      0.20      0.29        96
<rm-1/><rpEndDel/>       0.00      0.00      0.00        70
   <rm-4/><rpMid/>       0.67      0.04      0.08        50
   <rm-5/><rpMid/>       0.00      0.00      0.00        19
<rm-3/><rpEndSub/>       0.50      0.06      0.11        16
<rm-2/><rpEndDel/>       0.00      0.00      0.00         9
   <rm-6/><rpMid/>       0.00      0.00      0.00         9
<rm-4/><rpEndSub/>       0.00      0.00      0.00         9
   <rm-7/><rpMid/>       0.00      0.00      0.00         3
<rm-3/><rpEndDel/>       0.00      0.00      0.00         5
<rm-5/><rpEndSub/>       0.00      0.00      0.00         2
   <rm-8/><rpMid/>       0.00      0.00      0.00         3
<rm-4/><rpEndDel/>       0.00      0.00      0.00         0
<rm-5/><rpEndDel/>       0.00      0.00      0.00         0
<rm-6/><rpEndSub/>       0.00      0.00      0.00         0
<rm-7/><rpEndSub/>       0.00      0.00      0.00         0
<rm-7/><rpEndDel/>       0.00      0.00      0.00         0
<rm-6/><rpEndDel/>       0.00      0.00      0.00         0
<rm-8/><rpEndDel/>       0.00      0.00      0.00         0
<rm-8/><rpEndSub/>       0.00      0.00      0.00         0

       avg / total       0.95      0.96      0.95     47154

%%%%%%%%%%
17
                    precision    recall  f1-score   support

              <f/>       0.97      0.99      0.98     39810
              <e/>       0.92      0.92      0.92      4011
              <c/>       0.90      0.98      0.94      2061
<rm-1/><rpEndSub/>       0.82      0.85      0.83      1081
       <rpEndSub/>       0.69      0.18      0.29       610
   <rm-2/><rpMid/>       0.61      0.36      0.45       255
   <rm-1/><rpMid/>       0.47      0.04      0.08       157
<rm-2/><rpEndSub/>       0.65      0.50      0.56       139
   <rm-3/><rpMid/>       0.72      0.15      0.25       117
<rm-1/><rpEndDel/>       0.00      0.00      0.00        80
   <rm-4/><rpMid/>       0.30      0.06      0.10        49
   <rm-5/><rpMid/>       0.00      0.00      0.00        22
<rm-3/><rpEndSub/>       0.33      0.05      0.09        20
<rm-2/><rpEndDel/>       0.00      0.00      0.00        17
   <rm-6/><rpMid/>       0.00      0.00      0.00        14
<rm-4/><rpEndSub/>       0.00      0.00      0.00         5
   <rm-7/><rpMid/>       0.00      0.00      0.00         5
<rm-3/><rpEndDel/>       0.00      0.00      0.00         1
<rm-5/><rpEndSub/>       0.00      0.00      0.00         7
   <rm-8/><rpMid/>       0.00      0.00      0.00         6
<rm-4/><rpEndDel/>       0.00      0.00      0.00         3
<rm-5/><rpEndDel/>       0.00      0.00      0.00         1
<rm-6/><rpEndSub/>       0.00      0.00      0.00         1
<rm-7/><rpEndSub/>       0.00      0.00      0.00         0
<rm-7/><rpEndDel/>       0.00      0.00      0.00         1
<rm-6/><rpEndDel/>       0.00      0.00      0.00         0
<rm-8/><rpEndDel/>       0.00      0.00      0.00         2
<rm-8/><rpEndSub/>       0.00      0.00      0.00         0

       avg / total       0.95      0.96      0.95     48475

                    precision    recall  f1-score   support

              <f/>       0.97      0.99      0.98     38974
              <e/>       0.91      0.90      0.91      3877
              <c/>       0.88      0.98      0.93      2050
<rm-1/><rpEndSub/>       0.84      0.81      0.82       904
       <rpEndSub/>       0.73      0.20      0.32       569
   <rm-2/><rpMid/>       0.74      0.41      0.53       268
   <rm-1/><rpMid/>       0.36      0.03      0.06       134
<rm-2/><rpEndSub/>       0.70      0.45      0.55        87
   <rm-3/><rpMid/>       0.61      0.15      0.24        96
<rm-1/><rpEndDel/>       0.00      0.00      0.00        70
   <rm-4/><rpMid/>       0.38      0.06      0.10        50
   <rm-5/><rpMid/>       0.00      0.00      0.00        19
<rm-3/><rpEndSub/>       0.50      0.06      0.11        16
<rm-2/><rpEndDel/>       0.00      0.00      0.00         9
   <rm-6/><rpMid/>       0.00      0.00      0.00         9
<rm-4/><rpEndSub/>       0.00      0.00      0.00         9
   <rm-7/><rpMid/>       0.00      0.00      0.00         3
<rm-3/><rpEndDel/>       0.00      0.00      0.00         5
<rm-5/><rpEndSub/>       0.00      0.00      0.00         2
   <rm-8/><rpMid/>       0.00      0.00      0.00         3
<rm-4/><rpEndDel/>       0.00      0.00      0.00         0
<rm-5/><rpEndDel/>       0.00      0.00      0.00         0
<rm-6/><rpEndSub/>       0.00      0.00      0.00         0
<rm-7/><rpEndSub/>       0.00      0.00      0.00         0
<rm-7/><rpEndDel/>       0.00      0.00      0.00         0
<rm-6/><rpEndDel/>       0.00      0.00      0.00         0
<rm-8/><rpEndDel/>       0.00      0.00      0.00         0
<rm-8/><rpEndSub/>       0.00      0.00      0.00         0

       avg / total       0.95      0.96      0.95     47154

%%%%%%%%%%
18
                    precision    recall  f1-score   support

              <f/>       0.96      0.99      0.98     39810
              <e/>       0.95      0.88      0.91      4011
              <c/>       0.89      0.98      0.93      2061
<rm-1/><rpEndSub/>       0.83      0.80      0.82      1081
       <rpEndSub/>       0.82      0.13      0.22       610
   <rm-2/><rpMid/>       0.76      0.30      0.43       255
   <rm-1/><rpMid/>       0.62      0.03      0.06       157
<rm-2/><rpEndSub/>       0.62      0.50      0.56       139
   <rm-3/><rpMid/>       0.71      0.13      0.22       117
<rm-1/><rpEndDel/>       0.00      0.00      0.00        80
   <rm-4/><rpMid/>       0.25      0.02      0.04        49
   <rm-5/><rpMid/>       0.00      0.00      0.00        22
<rm-3/><rpEndSub/>       0.50      0.05      0.09        20
<rm-2/><rpEndDel/>       0.00      0.00      0.00        17
   <rm-6/><rpMid/>       0.00      0.00      0.00        14
<rm-4/><rpEndSub/>       0.00      0.00      0.00         5
   <rm-7/><rpMid/>       0.00      0.00      0.00         5
<rm-3/><rpEndDel/>       0.00      0.00      0.00         1
<rm-5/><rpEndSub/>       0.00      0.00      0.00         7
   <rm-8/><rpMid/>       0.00      0.00      0.00         6
<rm-4/><rpEndDel/>       0.00      0.00      0.00         3
<rm-5/><rpEndDel/>       0.00      0.00      0.00         1
<rm-6/><rpEndSub/>       0.00      0.00      0.00         1
<rm-7/><rpEndSub/>       0.00      0.00      0.00         0
<rm-7/><rpEndDel/>       0.00      0.00      0.00         1
<rm-6/><rpEndDel/>       0.00      0.00      0.00         0
<rm-8/><rpEndDel/>       0.00      0.00      0.00         2
<rm-8/><rpEndSub/>       0.00      0.00      0.00         0

       avg / total       0.95      0.95      0.94     48475

                    precision    recall  f1-score   support

              <f/>       0.96      0.99      0.98     38974
              <e/>       0.94      0.87      0.90      3877
              <c/>       0.88      0.98      0.92      2050
<rm-1/><rpEndSub/>       0.86      0.76      0.81       904
       <rpEndSub/>       0.79      0.11      0.20       569
   <rm-2/><rpMid/>       0.78      0.31      0.44       268
   <rm-1/><rpMid/>       0.20      0.01      0.01       134
<rm-2/><rpEndSub/>       0.75      0.44      0.55        87
   <rm-3/><rpMid/>       0.55      0.11      0.19        96
<rm-1/><rpEndDel/>       0.00      0.00      0.00        70
   <rm-4/><rpMid/>       0.33      0.02      0.04        50
   <rm-5/><rpMid/>       0.00      0.00      0.00        19
<rm-3/><rpEndSub/>       0.50      0.06      0.11        16
<rm-2/><rpEndDel/>       0.00      0.00      0.00         9
   <rm-6/><rpMid/>       0.00      0.00      0.00         9
<rm-4/><rpEndSub/>       0.00      0.00      0.00         9
   <rm-7/><rpMid/>       0.00      0.00      0.00         3
<rm-3/><rpEndDel/>       0.00      0.00      0.00         5
<rm-5/><rpEndSub/>       0.00      0.00      0.00         2
   <rm-8/><rpMid/>       0.00      0.00      0.00         3
<rm-4/><rpEndDel/>       0.00      0.00      0.00         0
<rm-5/><rpEndDel/>       0.00      0.00      0.00         0
<rm-6/><rpEndSub/>       0.00      0.00      0.00         0
<rm-7/><rpEndSub/>       0.00      0.00      0.00         0
<rm-7/><rpEndDel/>       0.00      0.00      0.00         0
<rm-6/><rpEndDel/>       0.00      0.00      0.00         0
<rm-8/><rpEndDel/>       0.00      0.00      0.00         0
<rm-8/><rpEndSub/>       0.00      0.00      0.00         0

       avg / total       0.94      0.95      0.94     47154

%%%%%%%%%%
19
                    precision    recall  f1-score   support

              <f/>       0.96      0.99      0.98     39810
              <e/>       0.94      0.88      0.91      4011
              <c/>       0.89      0.97      0.93      2061
<rm-1/><rpEndSub/>       0.85      0.79      0.82      1081
       <rpEndSub/>       0.76      0.15      0.25       610
   <rm-2/><rpMid/>       0.69      0.33      0.44       255
   <rm-1/><rpMid/>       0.44      0.03      0.05       157
<rm-2/><rpEndSub/>       0.77      0.50      0.61       139
   <rm-3/><rpMid/>       0.73      0.14      0.23       117
<rm-1/><rpEndDel/>       0.00      0.00      0.00        80
   <rm-4/><rpMid/>       0.20      0.02      0.04        49
   <rm-5/><rpMid/>       0.00      0.00      0.00        22
<rm-3/><rpEndSub/>       0.33      0.05      0.09        20
<rm-2/><rpEndDel/>       0.00      0.00      0.00        17
   <rm-6/><rpMid/>       0.00      0.00      0.00        14
<rm-4/><rpEndSub/>       0.00      0.00      0.00         5
   <rm-7/><rpMid/>       0.00      0.00      0.00         5
<rm-3/><rpEndDel/>       0.00      0.00      0.00         1
<rm-5/><rpEndSub/>       0.00      0.00      0.00         7
   <rm-8/><rpMid/>       0.00      0.00      0.00         6
<rm-4/><rpEndDel/>       0.00      0.00      0.00         3
<rm-5/><rpEndDel/>       0.00      0.00      0.00         1
<rm-6/><rpEndSub/>       0.00      0.00      0.00         1
<rm-7/><rpEndSub/>       0.00      0.00      0.00         0
<rm-7/><rpEndDel/>       0.00      0.00      0.00         1
<rm-6/><rpEndDel/>       0.00      0.00      0.00         0
<rm-8/><rpEndDel/>       0.00      0.00      0.00         2
<rm-8/><rpEndSub/>       0.00      0.00      0.00         0

       avg / total       0.94      0.95      0.94     48475

                    precision    recall  f1-score   support

              <f/>       0.96      0.99      0.98     38974
              <e/>       0.93      0.87      0.90      3877
              <c/>       0.88      0.96      0.92      2050
<rm-1/><rpEndSub/>       0.87      0.75      0.81       904
       <rpEndSub/>       0.76      0.14      0.24       569
   <rm-2/><rpMid/>       0.77      0.31      0.44       268
   <rm-1/><rpMid/>       0.33      0.01      0.03       134
<rm-2/><rpEndSub/>       0.84      0.41      0.55        87
   <rm-3/><rpMid/>       0.55      0.11      0.19        96
<rm-1/><rpEndDel/>       0.00      0.00      0.00        70
   <rm-4/><rpMid/>       0.67      0.04      0.08        50
   <rm-5/><rpMid/>       0.00      0.00      0.00        19
<rm-3/><rpEndSub/>       0.50      0.06      0.11        16
<rm-2/><rpEndDel/>       0.00      0.00      0.00         9
   <rm-6/><rpMid/>       0.00      0.00      0.00         9
<rm-4/><rpEndSub/>       0.00      0.00      0.00         9
   <rm-7/><rpMid/>       0.00      0.00      0.00         3
<rm-3/><rpEndDel/>       0.00      0.00      0.00         5
<rm-5/><rpEndSub/>       0.00      0.00      0.00         2
   <rm-8/><rpMid/>       0.00      0.00      0.00         3
<rm-4/><rpEndDel/>       0.00      0.00      0.00         0
<rm-5/><rpEndDel/>       0.00      0.00      0.00         0
<rm-6/><rpEndSub/>       0.00      0.00      0.00         0
<rm-7/><rpEndSub/>       0.00      0.00      0.00         0
<rm-7/><rpEndDel/>       0.00      0.00      0.00         0
<rm-6/><rpEndDel/>       0.00      0.00      0.00         0
<rm-8/><rpEndDel/>       0.00      0.00      0.00         0
<rm-8/><rpEndSub/>       0.00      0.00      0.00         0

       avg / total       0.94      0.95      0.94     47154

%%%%%%%%%%
20
                    precision    recall  f1-score   support

              <f/>       0.97      0.99      0.98     39810
              <e/>       0.95      0.89      0.92      4011
              <c/>       0.89      0.98      0.93      2061
<rm-1/><rpEndSub/>       0.82      0.84      0.83      1081
       <rpEndSub/>       0.81      0.14      0.23       610
   <rm-2/><rpMid/>       0.75      0.32      0.45       255
   <rm-1/><rpMid/>       0.62      0.03      0.06       157
<rm-2/><rpEndSub/>       0.67      0.48      0.56       139
   <rm-3/><rpMid/>       0.64      0.15      0.25       117
<rm-1/><rpEndDel/>       0.00      0.00      0.00        80
   <rm-4/><rpMid/>       0.20      0.02      0.04        49
   <rm-5/><rpMid/>       0.00      0.00      0.00        22
<rm-3/><rpEndSub/>       0.00      0.00      0.00        20
<rm-2/><rpEndDel/>       0.00      0.00      0.00        17
   <rm-6/><rpMid/>       0.00      0.00      0.00        14
<rm-4/><rpEndSub/>       0.00      0.00      0.00         5
   <rm-7/><rpMid/>       0.00      0.00      0.00         5
<rm-3/><rpEndDel/>       0.00      0.00      0.00         1
<rm-5/><rpEndSub/>       0.00      0.00      0.00         7
   <rm-8/><rpMid/>       0.00      0.00      0.00         6
<rm-4/><rpEndDel/>       0.00      0.00      0.00         3
<rm-5/><rpEndDel/>       0.00      0.00      0.00         1
<rm-6/><rpEndSub/>       0.00      0.00      0.00         1
<rm-7/><rpEndSub/>       0.00      0.00      0.00         0
<rm-7/><rpEndDel/>       0.00      0.00      0.00         1
<rm-6/><rpEndDel/>       0.00      0.00      0.00         0
<rm-8/><rpEndDel/>       0.00      0.00      0.00         2
<rm-8/><rpEndSub/>       0.00      0.00      0.00         0

       avg / total       0.95      0.96      0.95     48475

                    precision    recall  f1-score   support

              <f/>       0.97      0.99      0.98     38974
              <e/>       0.93      0.87      0.90      3877
              <c/>       0.88      0.98      0.92      2050
<rm-1/><rpEndSub/>       0.84      0.81      0.82       904
       <rpEndSub/>       0.82      0.14      0.23       569
   <rm-2/><rpMid/>       0.78      0.34      0.47       268
   <rm-1/><rpMid/>       0.43      0.02      0.04       134
<rm-2/><rpEndSub/>       0.77      0.43      0.55        87
   <rm-3/><rpMid/>       0.65      0.14      0.22        96
<rm-1/><rpEndDel/>       0.00      0.00      0.00        70
   <rm-4/><rpMid/>       0.75      0.06      0.11        50
   <rm-5/><rpMid/>       0.00      0.00      0.00        19
<rm-3/><rpEndSub/>       0.00      0.00      0.00        16
<rm-2/><rpEndDel/>       0.00      0.00      0.00         9
   <rm-6/><rpMid/>       0.00      0.00      0.00         9
<rm-4/><rpEndSub/>       0.00      0.00      0.00         9
   <rm-7/><rpMid/>       0.00      0.00      0.00         3
<rm-3/><rpEndDel/>       0.00      0.00      0.00         5
<rm-5/><rpEndSub/>       0.00      0.00      0.00         2
   <rm-8/><rpMid/>       0.00      0.00      0.00         3
<rm-4/><rpEndDel/>       0.00      0.00      0.00         0
<rm-5/><rpEndDel/>       0.00      0.00      0.00         0
<rm-6/><rpEndSub/>       0.00      0.00      0.00         0
<rm-7/><rpEndSub/>       0.00      0.00      0.00         0
<rm-7/><rpEndDel/>       0.00      0.00      0.00         0
<rm-6/><rpEndDel/>       0.00      0.00      0.00         0
<rm-8/><rpEndDel/>       0.00      0.00      0.00         0
<rm-8/><rpEndSub/>       0.00      0.00      0.00         0

       avg / total       0.95      0.95      0.95     47154

%%%%%%%%%%
21
                    precision    recall  f1-score   support

              <f/>       0.97      0.98      0.98     39810
              <e/>       0.88      0.92      0.90      4011
              <c/>       0.89      0.97      0.93      2061
<rm-1/><rpEndSub/>       0.83      0.84      0.83      1081
       <rpEndSub/>       0.57      0.25      0.35       610
   <rm-2/><rpMid/>       0.58      0.46      0.51       255
   <rm-1/><rpMid/>       0.40      0.03      0.05       157
<rm-2/><rpEndSub/>       0.69      0.53      0.60       139
   <rm-3/><rpMid/>       0.57      0.23      0.33       117
<rm-1/><rpEndDel/>       0.00      0.00      0.00        80
   <rm-4/><rpMid/>       0.25      0.02      0.04        49
   <rm-5/><rpMid/>       0.00      0.00      0.00        22
<rm-3/><rpEndSub/>       0.33      0.05      0.09        20
<rm-2/><rpEndDel/>       0.00      0.00      0.00        17
   <rm-6/><rpMid/>       0.00      0.00      0.00        14
<rm-4/><rpEndSub/>       0.00      0.00      0.00         5
   <rm-7/><rpMid/>       0.00      0.00      0.00         5
<rm-3/><rpEndDel/>       0.00      0.00      0.00         1
<rm-5/><rpEndSub/>       0.00      0.00      0.00         7
   <rm-8/><rpMid/>       0.00      0.00      0.00         6
<rm-4/><rpEndDel/>       0.00      0.00      0.00         3
<rm-5/><rpEndDel/>       0.00      0.00      0.00         1
<rm-6/><rpEndSub/>       0.00      0.00      0.00         1
<rm-7/><rpEndSub/>       0.00      0.00      0.00         0
<rm-7/><rpEndDel/>       0.00      0.00      0.00         1
<rm-6/><rpEndDel/>       0.00      0.00      0.00         0
<rm-8/><rpEndDel/>       0.00      0.00      0.00         2
<rm-8/><rpEndSub/>       0.00      0.00      0.00         0

       avg / total       0.94      0.95      0.95     48475

                    precision    recall  f1-score   support

              <f/>       0.97      0.98      0.98     38974
              <e/>       0.88      0.91      0.90      3877
              <c/>       0.88      0.98      0.92      2050
<rm-1/><rpEndSub/>       0.86      0.80      0.83       904
       <rpEndSub/>       0.65      0.27      0.38       569
   <rm-2/><rpMid/>       0.71      0.51      0.60       268
   <rm-1/><rpMid/>       0.20      0.01      0.03       134
<rm-2/><rpEndSub/>       0.75      0.47      0.58        87
   <rm-3/><rpMid/>       0.42      0.17      0.24        96
<rm-1/><rpEndDel/>       0.00      0.00      0.00        70
   <rm-4/><rpMid/>       0.67      0.08      0.14        50
   <rm-5/><rpMid/>       0.00      0.00      0.00        19
<rm-3/><rpEndSub/>       0.50      0.06      0.11        16
<rm-2/><rpEndDel/>       0.00      0.00      0.00         9
   <rm-6/><rpMid/>       0.00      0.00      0.00         9
<rm-4/><rpEndSub/>       0.00      0.00      0.00         9
   <rm-7/><rpMid/>       0.00      0.00      0.00         3
<rm-3/><rpEndDel/>       0.00      0.00      0.00         5
<rm-5/><rpEndSub/>       0.00      0.00      0.00         2
   <rm-8/><rpMid/>       0.00      0.00      0.00         3
<rm-4/><rpEndDel/>       0.00      0.00      0.00         0
<rm-5/><rpEndDel/>       0.00      0.00      0.00         0
<rm-6/><rpEndSub/>       0.00      0.00      0.00         0
<rm-7/><rpEndSub/>       0.00      0.00      0.00         0
<rm-7/><rpEndDel/>       0.00      0.00      0.00         0
<rm-6/><rpEndDel/>       0.00      0.00      0.00         0
<rm-8/><rpEndDel/>       0.00      0.00      0.00         0
<rm-8/><rpEndSub/>       0.00      0.00      0.00         0

       avg / total       0.95      0.95      0.95     47154

%%%%%%%%%%
22
                    precision    recall  f1-score   support

              <f/>       0.97      0.99      0.98     39810
              <e/>       0.94      0.89      0.92      4011
              <c/>       0.87      0.98      0.93      2061
<rm-1/><rpEndSub/>       0.85      0.81      0.83      1081
       <rpEndSub/>       0.79      0.13      0.23       610
   <rm-2/><rpMid/>       0.72      0.35      0.47       255
   <rm-1/><rpMid/>       0.70      0.04      0.08       157
<rm-2/><rpEndSub/>       0.76      0.45      0.57       139
   <rm-3/><rpMid/>       0.64      0.20      0.30       117
<rm-1/><rpEndDel/>       0.00      0.00      0.00        80
   <rm-4/><rpMid/>       0.20      0.02      0.04        49
   <rm-5/><rpMid/>       0.00      0.00      0.00        22
<rm-3/><rpEndSub/>       0.00      0.00      0.00        20
<rm-2/><rpEndDel/>       0.00      0.00      0.00        17
   <rm-6/><rpMid/>       0.00      0.00      0.00        14
<rm-4/><rpEndSub/>       0.00      0.00      0.00         5
   <rm-7/><rpMid/>       0.00      0.00      0.00         5
<rm-3/><rpEndDel/>       0.00      0.00      0.00         1
<rm-5/><rpEndSub/>       0.00      0.00      0.00         7
   <rm-8/><rpMid/>       0.00      0.00      0.00         6
<rm-4/><rpEndDel/>       0.00      0.00      0.00         3
<rm-5/><rpEndDel/>       0.00      0.00      0.00         1
<rm-6/><rpEndSub/>       0.00      0.00      0.00         1
<rm-7/><rpEndSub/>       0.00      0.00      0.00         0
<rm-7/><rpEndDel/>       0.00      0.00      0.00         1
<rm-6/><rpEndDel/>       0.00      0.00      0.00         0
<rm-8/><rpEndDel/>       0.00      0.00      0.00         2
<rm-8/><rpEndSub/>       0.00      0.00      0.00         0

       avg / total       0.95      0.95      0.95     48475

                    precision    recall  f1-score   support

              <f/>       0.97      0.99      0.98     38974
              <e/>       0.93      0.88      0.90      3877
              <c/>       0.86      0.98      0.92      2050
<rm-1/><rpEndSub/>       0.86      0.76      0.81       904
       <rpEndSub/>       0.81      0.15      0.25       569
   <rm-2/><rpMid/>       0.77      0.39      0.52       268
   <rm-1/><rpMid/>       0.60      0.02      0.04       134
<rm-2/><rpEndSub/>       0.83      0.34      0.49        87
   <rm-3/><rpMid/>       0.52      0.17      0.25        96
<rm-1/><rpEndDel/>       0.00      0.00      0.00        70
   <rm-4/><rpMid/>       0.50      0.04      0.07        50
   <rm-5/><rpMid/>       0.00      0.00      0.00        19
<rm-3/><rpEndSub/>       0.00      0.00      0.00        16
<rm-2/><rpEndDel/>       0.00      0.00      0.00         9
   <rm-6/><rpMid/>       0.00      0.00      0.00         9
<rm-4/><rpEndSub/>       0.00      0.00      0.00         9
   <rm-7/><rpMid/>       0.00      0.00      0.00         3
<rm-3/><rpEndDel/>       0.00      0.00      0.00         5
<rm-5/><rpEndSub/>       0.00      0.00      0.00         2
   <rm-8/><rpMid/>       0.00      0.00      0.00         3
<rm-4/><rpEndDel/>       0.00      0.00      0.00         0
<rm-5/><rpEndDel/>       0.00      0.00      0.00         0
<rm-6/><rpEndSub/>       0.00      0.00      0.00         0
<rm-7/><rpEndSub/>       0.00      0.00      0.00         0
<rm-7/><rpEndDel/>       0.00      0.00      0.00         0
<rm-6/><rpEndDel/>       0.00      0.00      0.00         0
<rm-8/><rpEndDel/>       0.00      0.00      0.00         0
<rm-8/><rpEndSub/>       0.00      0.00      0.00         0

       avg / total       0.95      0.95      0.95     47154

%%%%%%%%%%
23
                    precision    recall  f1-score   support

              <f/>       0.97      0.99      0.98     39810
              <e/>       0.90      0.93      0.91      4011
              <c/>       0.88      0.98      0.93      2061
<rm-1/><rpEndSub/>       0.85      0.82      0.83      1081
       <rpEndSub/>       0.75      0.22      0.34       610
   <rm-2/><rpMid/>       0.68      0.41      0.51       255
   <rm-1/><rpMid/>       0.83      0.03      0.06       157
<rm-2/><rpEndSub/>       0.68      0.56      0.61       139
   <rm-3/><rpMid/>       0.69      0.17      0.27       117
<rm-1/><rpEndDel/>       0.00      0.00      0.00        80
   <rm-4/><rpMid/>       0.45      0.10      0.17        49
   <rm-5/><rpMid/>       0.00      0.00      0.00        22
<rm-3/><rpEndSub/>       0.50      0.15      0.23        20
<rm-2/><rpEndDel/>       0.00      0.00      0.00        17
   <rm-6/><rpMid/>       0.00      0.00      0.00        14
<rm-4/><rpEndSub/>       0.00      0.00      0.00         5
   <rm-7/><rpMid/>       0.00      0.00      0.00         5
<rm-3/><rpEndDel/>       0.00      0.00      0.00         1
<rm-5/><rpEndSub/>       0.00      0.00      0.00         7
   <rm-8/><rpMid/>       0.00      0.00      0.00         6
<rm-4/><rpEndDel/>       0.00      0.00      0.00         3
<rm-5/><rpEndDel/>       0.00      0.00      0.00         1
<rm-6/><rpEndSub/>       0.00      0.00      0.00         1
<rm-7/><rpEndSub/>       0.00      0.00      0.00         0
<rm-7/><rpEndDel/>       0.00      0.00      0.00         1
<rm-6/><rpEndDel/>       0.00      0.00      0.00         0
<rm-8/><rpEndDel/>       0.00      0.00      0.00         2
<rm-8/><rpEndSub/>       0.00      0.00      0.00         0

       avg / total       0.95      0.96      0.95     48475

                    precision    recall  f1-score   support

              <f/>       0.97      0.99      0.98     38974
              <e/>       0.89      0.91      0.90      3877
              <c/>       0.87      0.98      0.92      2050
<rm-1/><rpEndSub/>       0.87      0.77      0.82       904
       <rpEndSub/>       0.71      0.23      0.35       569
   <rm-2/><rpMid/>       0.73      0.44      0.55       268
   <rm-1/><rpMid/>       0.33      0.01      0.03       134
<rm-2/><rpEndSub/>       0.71      0.45      0.55        87
   <rm-3/><rpMid/>       0.52      0.17      0.25        96
<rm-1/><rpEndDel/>       0.00      0.00      0.00        70
   <rm-4/><rpMid/>       0.60      0.12      0.20        50
   <rm-5/><rpMid/>       0.00      0.00      0.00        19
<rm-3/><rpEndSub/>       0.50      0.06      0.11        16
<rm-2/><rpEndDel/>       0.00      0.00      0.00         9
   <rm-6/><rpMid/>       0.00      0.00      0.00         9
<rm-4/><rpEndSub/>       0.00      0.00      0.00         9
   <rm-7/><rpMid/>       0.00      0.00      0.00         3
<rm-3/><rpEndDel/>       0.00      0.00      0.00         5
<rm-5/><rpEndSub/>       0.00      0.00      0.00         2
   <rm-8/><rpMid/>       0.00      0.00      0.00         3
<rm-4/><rpEndDel/>       0.00      0.00      0.00         0
<rm-5/><rpEndDel/>       0.00      0.00      0.00         0
<rm-6/><rpEndSub/>       0.00      0.00      0.00         0
<rm-7/><rpEndSub/>       0.00      0.00      0.00         0
<rm-7/><rpEndDel/>       0.00      0.00      0.00         0
<rm-6/><rpEndDel/>       0.00      0.00      0.00         0
<rm-8/><rpEndDel/>       0.00      0.00      0.00         0
<rm-8/><rpEndSub/>       0.00      0.00      0.00         0

       avg / total       0.95      0.95      0.95     47154

%%%%%%%%%%
24
                    precision    recall  f1-score   support

              <f/>       0.97      0.99      0.98     39810
              <e/>       0.91      0.91      0.91      4011
              <c/>       0.90      0.97      0.93      2061
<rm-1/><rpEndSub/>       0.81      0.85      0.83      1081
       <rpEndSub/>       0.72      0.19      0.30       610
   <rm-2/><rpMid/>       0.67      0.40      0.50       255
   <rm-1/><rpMid/>       0.50      0.01      0.02       157
<rm-2/><rpEndSub/>       0.71      0.52      0.60       139
   <rm-3/><rpMid/>       0.70      0.16      0.26       117
<rm-1/><rpEndDel/>       0.00      0.00      0.00        80
   <rm-4/><rpMid/>       0.40      0.04      0.07        49
   <rm-5/><rpMid/>       0.00      0.00      0.00        22
<rm-3/><rpEndSub/>       0.00      0.00      0.00        20
<rm-2/><rpEndDel/>       0.00      0.00      0.00        17
   <rm-6/><rpMid/>       0.00      0.00      0.00        14
<rm-4/><rpEndSub/>       0.00      0.00      0.00         5
   <rm-7/><rpMid/>       0.00      0.00      0.00         5
<rm-3/><rpEndDel/>       0.00      0.00      0.00         1
<rm-5/><rpEndSub/>       0.00      0.00      0.00         7
   <rm-8/><rpMid/>       0.00      0.00      0.00         6
<rm-4/><rpEndDel/>       0.00      0.00      0.00         3
<rm-5/><rpEndDel/>       0.00      0.00      0.00         1
<rm-6/><rpEndSub/>       0.00      0.00      0.00         1
<rm-7/><rpEndSub/>       0.00      0.00      0.00         0
<rm-7/><rpEndDel/>       0.00      0.00      0.00         1
<rm-6/><rpEndDel/>       0.00      0.00      0.00         0
<rm-8/><rpEndDel/>       0.00      0.00      0.00         2
<rm-8/><rpEndSub/>       0.00      0.00      0.00         0

       avg / total       0.95      0.95      0.95     48475

                    precision    recall  f1-score   support

              <f/>       0.97      0.99      0.98     38974
              <e/>       0.91      0.90      0.90      3877
              <c/>       0.88      0.97      0.92      2050
<rm-1/><rpEndSub/>       0.83      0.83      0.83       904
       <rpEndSub/>       0.77      0.20      0.32       569
   <rm-2/><rpMid/>       0.74      0.46      0.56       268
   <rm-1/><rpMid/>       0.20      0.01      0.01       134
<rm-2/><rpEndSub/>       0.83      0.40      0.54        87
   <rm-3/><rpMid/>       0.52      0.12      0.20        96
<rm-1/><rpEndDel/>       0.00      0.00      0.00        70
   <rm-4/><rpMid/>       1.00      0.06      0.11        50
   <rm-5/><rpMid/>       0.00      0.00      0.00        19
<rm-3/><rpEndSub/>       0.50      0.06      0.11        16
<rm-2/><rpEndDel/>       0.00      0.00      0.00         9
   <rm-6/><rpMid/>       0.00      0.00      0.00         9
<rm-4/><rpEndSub/>       0.00      0.00      0.00         9
   <rm-7/><rpMid/>       0.00      0.00      0.00         3
<rm-3/><rpEndDel/>       0.00      0.00      0.00         5
<rm-5/><rpEndSub/>       0.00      0.00      0.00         2
   <rm-8/><rpMid/>       0.00      0.00      0.00         3
<rm-4/><rpEndDel/>       0.00      0.00      0.00         0
<rm-5/><rpEndDel/>       0.00      0.00      0.00         0
<rm-6/><rpEndSub/>       0.00      0.00      0.00         0
<rm-7/><rpEndSub/>       0.00      0.00      0.00         0
<rm-7/><rpEndDel/>       0.00      0.00      0.00         0
<rm-6/><rpEndDel/>       0.00      0.00      0.00         0
<rm-8/><rpEndDel/>       0.00      0.00      0.00         0
<rm-8/><rpEndSub/>       0.00      0.00      0.00         0

       avg / total       0.95      0.96      0.95     47154

%%%%%%%%%%
25
                    precision    recall  f1-score   support

              <f/>       0.97      0.99      0.98     39810
              <e/>       0.90      0.93      0.92      4011
              <c/>       0.89      0.98      0.93      2061
<rm-1/><rpEndSub/>       0.80      0.85      0.83      1081
       <rpEndSub/>       0.65      0.23      0.34       610
   <rm-2/><rpMid/>       0.68      0.42      0.51       255
   <rm-1/><rpMid/>       0.55      0.04      0.07       157
<rm-2/><rpEndSub/>       0.69      0.47      0.56       139
   <rm-3/><rpMid/>       0.67      0.22      0.33       117
<rm-1/><rpEndDel/>       0.00      0.00      0.00        80
   <rm-4/><rpMid/>       0.20      0.04      0.07        49
   <rm-5/><rpMid/>       0.00      0.00      0.00        22
<rm-3/><rpEndSub/>       0.00      0.00      0.00        20
<rm-2/><rpEndDel/>       0.00      0.00      0.00        17
   <rm-6/><rpMid/>       0.00      0.00      0.00        14
<rm-4/><rpEndSub/>       0.00      0.00      0.00         5
   <rm-7/><rpMid/>       0.00      0.00      0.00         5
<rm-3/><rpEndDel/>       0.00      0.00      0.00         1
<rm-5/><rpEndSub/>       0.00      0.00      0.00         7
   <rm-8/><rpMid/>       0.00      0.00      0.00         6
<rm-4/><rpEndDel/>       0.00      0.00      0.00         3
<rm-5/><rpEndDel/>       0.00      0.00      0.00         1
<rm-6/><rpEndSub/>       0.00      0.00      0.00         1
<rm-7/><rpEndSub/>       0.00      0.00      0.00         0
<rm-7/><rpEndDel/>       0.00      0.00      0.00         1
<rm-6/><rpEndDel/>       0.00      0.00      0.00         0
<rm-8/><rpEndDel/>       0.00      0.00      0.00         2
<rm-8/><rpEndSub/>       0.00      0.00      0.00         0

       avg / total       0.95      0.95      0.95     48475

                    precision    recall  f1-score   support

              <f/>       0.97      0.99      0.98     38974
              <e/>       0.90      0.92      0.91      3877
              <c/>       0.89      0.97      0.93      2050
<rm-1/><rpEndSub/>       0.83      0.83      0.83       904
       <rpEndSub/>       0.68      0.25      0.37       569
   <rm-2/><rpMid/>       0.72      0.47      0.57       268
   <rm-1/><rpMid/>       0.42      0.04      0.07       134
<rm-2/><rpEndSub/>       0.83      0.40      0.54        87
   <rm-3/><rpMid/>       0.51      0.21      0.30        96
<rm-1/><rpEndDel/>       0.00      0.00      0.00        70
   <rm-4/><rpMid/>       0.44      0.08      0.14        50
   <rm-5/><rpMid/>       0.00      0.00      0.00        19
<rm-3/><rpEndSub/>       1.00      0.06      0.12        16
<rm-2/><rpEndDel/>       0.00      0.00      0.00         9
   <rm-6/><rpMid/>       0.00      0.00      0.00         9
<rm-4/><rpEndSub/>       0.00      0.00      0.00         9
   <rm-7/><rpMid/>       0.00      0.00      0.00         3
<rm-3/><rpEndDel/>       0.00      0.00      0.00         5
<rm-5/><rpEndSub/>       0.00      0.00      0.00         2
   <rm-8/><rpMid/>       0.00      0.00      0.00         3
<rm-4/><rpEndDel/>       0.00      0.00      0.00         0
<rm-5/><rpEndDel/>       0.00      0.00      0.00         0
<rm-6/><rpEndSub/>       0.00      0.00      0.00         0
<rm-7/><rpEndSub/>       0.00      0.00      0.00         0
<rm-7/><rpEndDel/>       0.00      0.00      0.00         0
<rm-6/><rpEndDel/>       0.00      0.00      0.00         0
<rm-8/><rpEndDel/>       0.00      0.00      0.00         0
<rm-8/><rpEndSub/>       0.00      0.00      0.00         0

       avg / total       0.95      0.96      0.95     47154

%%%%%%%%%%
26
                    precision    recall  f1-score   support

              <f/>       0.97      0.98      0.98     39810
              <e/>       0.89      0.93      0.91      4011
              <c/>       0.88      0.98      0.93      2061
<rm-1/><rpEndSub/>       0.82      0.85      0.83      1081
       <rpEndSub/>       0.56      0.29      0.38       610
   <rm-2/><rpMid/>       0.62      0.40      0.49       255
   <rm-1/><rpMid/>       0.57      0.05      0.09       157
<rm-2/><rpEndSub/>       0.67      0.55      0.60       139
   <rm-3/><rpMid/>       0.67      0.26      0.38       117
<rm-1/><rpEndDel/>       0.00      0.00      0.00        80
   <rm-4/><rpMid/>       0.40      0.08      0.14        49
   <rm-5/><rpMid/>       0.00      0.00      0.00        22
<rm-3/><rpEndSub/>       0.00      0.00      0.00        20
<rm-2/><rpEndDel/>       0.00      0.00      0.00        17
   <rm-6/><rpMid/>       0.00      0.00      0.00        14
<rm-4/><rpEndSub/>       0.00      0.00      0.00         5
   <rm-7/><rpMid/>       0.00      0.00      0.00         5
<rm-3/><rpEndDel/>       0.00      0.00      0.00         1
<rm-5/><rpEndSub/>       0.00      0.00      0.00         7
   <rm-8/><rpMid/>       0.00      0.00      0.00         6
<rm-4/><rpEndDel/>       0.00      0.00      0.00         3
<rm-5/><rpEndDel/>       0.00      0.00      0.00         1
<rm-6/><rpEndSub/>       0.00      0.00      0.00         1
<rm-7/><rpEndSub/>       0.00      0.00      0.00         0
<rm-7/><rpEndDel/>       0.00      0.00      0.00         1
<rm-6/><rpEndDel/>       0.00      0.00      0.00         0
<rm-8/><rpEndDel/>       0.00      0.00      0.00         2
<rm-8/><rpEndSub/>       0.00      0.00      0.00         0

       avg / total       0.95      0.95      0.95     48475

                    precision    recall  f1-score   support

              <f/>       0.97      0.98      0.98     38974
              <e/>       0.89      0.91      0.90      3877
              <c/>       0.86      0.98      0.92      2050
<rm-1/><rpEndSub/>       0.84      0.82      0.83       904
       <rpEndSub/>       0.56      0.30      0.39       569
   <rm-2/><rpMid/>       0.72      0.47      0.57       268
   <rm-1/><rpMid/>       0.38      0.04      0.07       134
<rm-2/><rpEndSub/>       0.70      0.49      0.58        87
   <rm-3/><rpMid/>       0.49      0.22      0.30        96
<rm-1/><rpEndDel/>       0.00      0.00      0.00        70
   <rm-4/><rpMid/>       0.50      0.08      0.14        50
   <rm-5/><rpMid/>       0.00      0.00      0.00        19
<rm-3/><rpEndSub/>       0.00      0.00      0.00        16
<rm-2/><rpEndDel/>       0.00      0.00      0.00         9
   <rm-6/><rpMid/>       0.00      0.00      0.00         9
<rm-4/><rpEndSub/>       0.00      0.00      0.00         9
   <rm-7/><rpMid/>       0.00      0.00      0.00         3
<rm-3/><rpEndDel/>       0.00      0.00      0.00         5
<rm-5/><rpEndSub/>       0.00      0.00      0.00         2
   <rm-8/><rpMid/>       0.00      0.00      0.00         3
<rm-4/><rpEndDel/>       0.00      0.00      0.00         0
<rm-5/><rpEndDel/>       0.00      0.00      0.00         0
<rm-6/><rpEndSub/>       0.00      0.00      0.00         0
<rm-7/><rpEndSub/>       0.00      0.00      0.00         0
<rm-7/><rpEndDel/>       0.00      0.00      0.00         0
<rm-6/><rpEndDel/>       0.00      0.00      0.00         0
<rm-8/><rpEndDel/>       0.00      0.00      0.00         0
<rm-8/><rpEndSub/>       0.00      0.00      0.00         0

       avg / total       0.95      0.95      0.95     47154

%%%%%%%%%%
