1
             precision    recall  f1-score   support

   <e/><cc>       0.74      0.90      0.81      2735
   <e/><ct>       0.00      0.00      0.00       324
   <e/><tc>       0.70      0.49      0.58       856
   <e/><tt>       0.00      0.00      0.00        76
   <f/><cc>       0.83      0.98      0.90     33970
   <f/><ct>       0.67      0.06      0.11      3870
   <f/><tc>       0.74      0.43      0.55      3368
   <f/><tt>       0.93      0.84      0.88      1432
<rm-0/><cc>       0.79      0.38      0.52      2221
<rm-0/><ct>       0.00      0.00      0.00        30

avg / total       0.80      0.82      0.78     48882

             precision    recall  f1-score   support

   <e/><cc>       0.72      0.87      0.79      2442
   <e/><ct>       0.00      0.00      0.00       272
   <e/><tc>       0.68      0.55      0.61       901
   <e/><tt>       0.00      0.00      0.00       110
   <f/><cc>       0.83      0.98      0.90     32632
   <f/><ct>       0.66      0.06      0.11      3822
   <f/><tc>       0.76      0.48      0.59      3224
   <f/><tt>       0.92      0.83      0.87      1633
<rm-0/><cc>       0.74      0.30      0.42      1734
<rm-0/><ct>       0.00      0.00      0.00        31

avg / total       0.79      0.82      0.78     46801

%%%%%%%%%%
2
             precision    recall  f1-score   support

   <e/><cc>       0.74      0.90      0.81      2735
   <e/><ct>       0.00      0.00      0.00       324
   <e/><tc>       0.74      0.52      0.61       856
   <e/><tt>       0.67      0.32      0.43        76
   <f/><cc>       0.84      0.98      0.90     33970
   <f/><ct>       0.66      0.07      0.13      3870
   <f/><tc>       0.75      0.45      0.56      3368
   <f/><tt>       0.94      0.84      0.89      1432
<rm-0/><cc>       0.77      0.51      0.62      2221
<rm-0/><ct>       0.00      0.00      0.00        30

avg / total       0.80      0.83      0.79     48882

             precision    recall  f1-score   support

   <e/><cc>       0.73      0.87      0.79      2442
   <e/><ct>       0.00      0.00      0.00       272
   <e/><tc>       0.70      0.58      0.63       901
   <e/><tt>       0.38      0.07      0.12       110
   <f/><cc>       0.84      0.98      0.90     32632
   <f/><ct>       0.66      0.08      0.14      3822
   <f/><tc>       0.77      0.50      0.61      3224
   <f/><tt>       0.94      0.83      0.88      1633
<rm-0/><cc>       0.74      0.43      0.54      1734
<rm-0/><ct>       0.00      0.00      0.00        31

avg / total       0.80      0.83      0.79     46801

%%%%%%%%%%
3
             precision    recall  f1-score   support

   <e/><cc>       0.74      0.91      0.82      2735
   <e/><ct>       0.50      0.00      0.01       324
   <e/><tc>       0.76      0.52      0.62       856
   <e/><tt>       0.63      0.43      0.52        76
   <f/><cc>       0.84      0.98      0.90     33970
   <f/><ct>       0.67      0.08      0.14      3870
   <f/><tc>       0.76      0.44      0.56      3368
   <f/><tt>       0.94      0.84      0.89      1432
<rm-0/><cc>       0.77      0.57      0.65      2221
<rm-0/><ct>       0.00      0.00      0.00        30

avg / total       0.81      0.83      0.79     48882

             precision    recall  f1-score   support

   <e/><cc>       0.73      0.88      0.80      2442
   <e/><ct>       0.33      0.00      0.01       272
   <e/><tc>       0.71      0.58      0.64       901
   <e/><tt>       0.36      0.11      0.17       110
   <f/><cc>       0.84      0.98      0.91     32632
   <f/><ct>       0.68      0.09      0.16      3822
   <f/><tc>       0.78      0.49      0.60      3224
   <f/><tt>       0.94      0.83      0.88      1633
<rm-0/><cc>       0.73      0.49      0.59      1734
<rm-0/><ct>       0.00      0.00      0.00        31

avg / total       0.81      0.83      0.79     46801

%%%%%%%%%%
4
             precision    recall  f1-score   support

   <e/><cc>       0.75      0.91      0.82      2735
   <e/><ct>       0.33      0.00      0.01       324
   <e/><tc>       0.77      0.52      0.62       856
   <e/><tt>       0.61      0.46      0.53        76
   <f/><cc>       0.84      0.98      0.91     33970
   <f/><ct>       0.66      0.09      0.16      3870
   <f/><tc>       0.77      0.44      0.56      3368
   <f/><tt>       0.94      0.84      0.89      1432
<rm-0/><cc>       0.78      0.60      0.68      2221
<rm-0/><ct>       0.00      0.00      0.00        30

avg / total       0.81      0.83      0.80     48882

             precision    recall  f1-score   support

   <e/><cc>       0.72      0.89      0.80      2442
   <e/><ct>       0.33      0.00      0.01       272
   <e/><tc>       0.71      0.57      0.63       901
   <e/><tt>       0.36      0.11      0.17       110
   <f/><cc>       0.85      0.98      0.91     32632
   <f/><ct>       0.66      0.10      0.17      3822
   <f/><tc>       0.79      0.50      0.61      3224
   <f/><tt>       0.95      0.83      0.88      1633
<rm-0/><cc>       0.75      0.53      0.62      1734
<rm-0/><ct>       0.00      0.00      0.00        31

avg / total       0.81      0.83      0.80     46801

%%%%%%%%%%
5
             precision    recall  f1-score   support

   <e/><cc>       0.75      0.91      0.82      2735
   <e/><ct>       0.00      0.00      0.00       324
   <e/><tc>       0.78      0.52      0.62       856
   <e/><tt>       0.59      0.47      0.53        76
   <f/><cc>       0.84      0.98      0.91     33970
   <f/><ct>       0.64      0.09      0.16      3870
   <f/><tc>       0.77      0.44      0.56      3368
   <f/><tt>       0.93      0.84      0.88      1432
<rm-0/><cc>       0.80      0.62      0.70      2221
<rm-0/><ct>       0.00      0.00      0.00        30

avg / total       0.81      0.83      0.80     48882

             precision    recall  f1-score   support

   <e/><cc>       0.72      0.88      0.80      2442
   <e/><ct>       0.33      0.00      0.01       272
   <e/><tc>       0.72      0.57      0.64       901
   <e/><tt>       0.35      0.11      0.17       110
   <f/><cc>       0.85      0.98      0.91     32632
   <f/><ct>       0.65      0.11      0.18      3822
   <f/><tc>       0.79      0.50      0.61      3224
   <f/><tt>       0.95      0.83      0.88      1633
<rm-0/><cc>       0.76      0.55      0.64      1734
<rm-0/><ct>       0.00      0.00      0.00        31

avg / total       0.81      0.83      0.80     46801

%%%%%%%%%%
6
             precision    recall  f1-score   support

   <e/><cc>       0.75      0.91      0.82      2735
   <e/><ct>       0.00      0.00      0.00       324
   <e/><tc>       0.79      0.51      0.62       856
   <e/><tt>       0.59      0.47      0.53        76
   <f/><cc>       0.84      0.98      0.91     33970
   <f/><ct>       0.64      0.10      0.17      3870
   <f/><tc>       0.77      0.44      0.56      3368
   <f/><tt>       0.93      0.84      0.89      1432
<rm-0/><cc>       0.81      0.65      0.72      2221
<rm-0/><ct>       0.00      0.00      0.00        30

avg / total       0.81      0.83      0.80     48882

             precision    recall  f1-score   support

   <e/><cc>       0.72      0.88      0.80      2442
   <e/><ct>       0.50      0.00      0.01       272
   <e/><tc>       0.72      0.57      0.64       901
   <e/><tt>       0.39      0.13      0.19       110
   <f/><cc>       0.85      0.98      0.91     32632
   <f/><ct>       0.64      0.11      0.19      3822
   <f/><tc>       0.79      0.50      0.61      3224
   <f/><tt>       0.94      0.83      0.88      1633
<rm-0/><cc>       0.77      0.57      0.66      1734
<rm-0/><ct>       0.00      0.00      0.00        31

avg / total       0.81      0.83      0.80     46801

%%%%%%%%%%
7
             precision    recall  f1-score   support

   <e/><cc>       0.75      0.91      0.82      2735
   <e/><ct>       0.00      0.00      0.00       324
   <e/><tc>       0.79      0.51      0.62       856
   <e/><tt>       0.60      0.50      0.55        76
   <f/><cc>       0.85      0.98      0.91     33970
   <f/><ct>       0.64      0.10      0.18      3870
   <f/><tc>       0.76      0.44      0.56      3368
   <f/><tt>       0.93      0.85      0.89      1432
<rm-0/><cc>       0.82      0.66      0.73      2221
<rm-0/><ct>       0.00      0.00      0.00        30

avg / total       0.81      0.83      0.80     48882

             precision    recall  f1-score   support

   <e/><cc>       0.72      0.88      0.79      2442
   <e/><ct>       0.50      0.00      0.01       272
   <e/><tc>       0.72      0.57      0.64       901
   <e/><tt>       0.44      0.15      0.23       110
   <f/><cc>       0.85      0.98      0.91     32632
   <f/><ct>       0.63      0.12      0.19      3822
   <f/><tc>       0.79      0.50      0.61      3224
   <f/><tt>       0.94      0.83      0.88      1633
<rm-0/><cc>       0.78      0.58      0.67      1734
<rm-0/><ct>       0.00      0.00      0.00        31

avg / total       0.81      0.83      0.80     46801

%%%%%%%%%%
8
             precision    recall  f1-score   support

   <e/><cc>       0.75      0.91      0.82      2735
   <e/><ct>       0.00      0.00      0.00       324
   <e/><tc>       0.79      0.51      0.62       856
   <e/><tt>       0.60      0.50      0.55        76
   <f/><cc>       0.85      0.98      0.91     33970
   <f/><ct>       0.63      0.11      0.19      3870
   <f/><tc>       0.76      0.44      0.56      3368
   <f/><tt>       0.93      0.85      0.89      1432
<rm-0/><cc>       0.82      0.66      0.73      2221
<rm-0/><ct>       0.00      0.00      0.00        30

avg / total       0.81      0.83      0.80     48882

             precision    recall  f1-score   support

   <e/><cc>       0.72      0.88      0.79      2442
   <e/><ct>       0.00      0.00      0.00       272
   <e/><tc>       0.72      0.57      0.63       901
   <e/><tt>       0.41      0.15      0.23       110
   <f/><cc>       0.85      0.98      0.91     32632
   <f/><ct>       0.63      0.12      0.20      3822
   <f/><tc>       0.78      0.50      0.61      3224
   <f/><tt>       0.94      0.83      0.88      1633
<rm-0/><cc>       0.78      0.59      0.67      1734
<rm-0/><ct>       0.00      0.00      0.00        31

avg / total       0.81      0.83      0.80     46801

%%%%%%%%%%
9
             precision    recall  f1-score   support

   <e/><cc>       0.75      0.92      0.82      2735
   <e/><ct>       0.00      0.00      0.00       324
   <e/><tc>       0.79      0.51      0.62       856
   <e/><tt>       0.60      0.50      0.55        76
   <f/><cc>       0.85      0.98      0.91     33970
   <f/><ct>       0.62      0.11      0.19      3870
   <f/><tc>       0.76      0.45      0.56      3368
   <f/><tt>       0.93      0.85      0.89      1432
<rm-0/><cc>       0.82      0.67      0.74      2221
<rm-0/><ct>       0.00      0.00      0.00        30

avg / total       0.81      0.83      0.80     48882

             precision    recall  f1-score   support

   <e/><cc>       0.72      0.88      0.80      2442
   <e/><ct>       0.00      0.00      0.00       272
   <e/><tc>       0.72      0.56      0.63       901
   <e/><tt>       0.41      0.16      0.23       110
   <f/><cc>       0.85      0.98      0.91     32632
   <f/><ct>       0.62      0.12      0.20      3822
   <f/><tc>       0.78      0.51      0.61      3224
   <f/><tt>       0.94      0.83      0.88      1633
<rm-0/><cc>       0.78      0.59      0.67      1734
<rm-0/><ct>       0.00      0.00      0.00        31

avg / total       0.81      0.83      0.80     46801

%%%%%%%%%%
10
             precision    recall  f1-score   support

   <e/><cc>       0.75      0.92      0.82      2735
   <e/><ct>       0.00      0.00      0.00       324
   <e/><tc>       0.79      0.52      0.62       856
   <e/><tt>       0.60      0.50      0.55        76
   <f/><cc>       0.85      0.98      0.91     33970
   <f/><ct>       0.62      0.12      0.19      3870
   <f/><tc>       0.75      0.45      0.56      3368
   <f/><tt>       0.93      0.85      0.89      1432
<rm-0/><cc>       0.81      0.67      0.73      2221
<rm-0/><ct>       0.00      0.00      0.00        30

avg / total       0.81      0.83      0.80     48882

             precision    recall  f1-score   support

   <e/><cc>       0.72      0.88      0.80      2442
   <e/><ct>       0.25      0.00      0.01       272
   <e/><tc>       0.72      0.56      0.63       901
   <e/><tt>       0.39      0.16      0.23       110
   <f/><cc>       0.85      0.97      0.91     32632
   <f/><ct>       0.61      0.12      0.21      3822
   <f/><tc>       0.78      0.51      0.62      3224
   <f/><tt>       0.94      0.83      0.88      1633
<rm-0/><cc>       0.78      0.60      0.68      1734
<rm-0/><ct>       0.00      0.00      0.00        31

avg / total       0.81      0.83      0.80     46801

%%%%%%%%%%
11
             precision    recall  f1-score   support

   <e/><cc>       0.75      0.92      0.82      2735
   <e/><ct>       0.00      0.00      0.00       324
   <e/><tc>       0.79      0.52      0.62       856
   <e/><tt>       0.60      0.50      0.55        76
   <f/><cc>       0.85      0.97      0.91     33970
   <f/><ct>       0.61      0.12      0.21      3870
   <f/><tc>       0.75      0.46      0.57      3368
   <f/><tt>       0.93      0.85      0.89      1432
<rm-0/><cc>       0.81      0.68      0.74      2221
<rm-0/><ct>       0.00      0.00      0.00        30

avg / total       0.81      0.83      0.80     48882

             precision    recall  f1-score   support

   <e/><cc>       0.72      0.88      0.80      2442
   <e/><ct>       0.40      0.01      0.01       272
   <e/><tc>       0.72      0.56      0.63       901
   <e/><tt>       0.38      0.16      0.23       110
   <f/><cc>       0.85      0.97      0.91     32632
   <f/><ct>       0.60      0.13      0.21      3822
   <f/><tc>       0.77      0.52      0.62      3224
   <f/><tt>       0.94      0.83      0.88      1633
<rm-0/><cc>       0.77      0.60      0.68      1734
<rm-0/><ct>       0.00      0.00      0.00        31

avg / total       0.81      0.83      0.80     46801

%%%%%%%%%%
12
             precision    recall  f1-score   support

   <e/><cc>       0.75      0.91      0.82      2735
   <e/><ct>       0.00      0.00      0.00       324
   <e/><tc>       0.79      0.53      0.63       856
   <e/><tt>       0.61      0.51      0.56        76
   <f/><cc>       0.85      0.97      0.91     33970
   <f/><ct>       0.60      0.13      0.21      3870
   <f/><tc>       0.74      0.46      0.57      3368
   <f/><tt>       0.94      0.85      0.89      1432
<rm-0/><cc>       0.81      0.68      0.74      2221
<rm-0/><ct>       0.00      0.00      0.00        30

avg / total       0.81      0.83      0.80     48882

             precision    recall  f1-score   support

   <e/><cc>       0.73      0.88      0.80      2442
   <e/><ct>       0.40      0.01      0.01       272
   <e/><tc>       0.72      0.57      0.64       901
   <e/><tt>       0.40      0.17      0.24       110
   <f/><cc>       0.85      0.97      0.91     32632
   <f/><ct>       0.59      0.14      0.22      3822
   <f/><tc>       0.76      0.52      0.62      3224
   <f/><tt>       0.94      0.83      0.88      1633
<rm-0/><cc>       0.78      0.61      0.68      1734
<rm-0/><ct>       0.00      0.00      0.00        31

avg / total       0.81      0.83      0.80     46801

%%%%%%%%%%
13
             precision    recall  f1-score   support

   <e/><cc>       0.75      0.91      0.82      2735
   <e/><ct>       0.25      0.00      0.01       324
   <e/><tc>       0.78      0.53      0.63       856
   <e/><tt>       0.62      0.53      0.57        76
   <f/><cc>       0.85      0.97      0.91     33970
   <f/><ct>       0.60      0.14      0.22      3870
   <f/><tc>       0.74      0.47      0.57      3368
   <f/><tt>       0.94      0.85      0.89      1432
<rm-0/><cc>       0.81      0.68      0.74      2221
<rm-0/><ct>       0.00      0.00      0.00        30

avg / total       0.81      0.84      0.81     48882

             precision    recall  f1-score   support

   <e/><cc>       0.73      0.88      0.80      2442
   <e/><ct>       0.40      0.01      0.01       272
   <e/><tc>       0.72      0.57      0.64       901
   <e/><tt>       0.39      0.17      0.24       110
   <f/><cc>       0.85      0.97      0.91     32632
   <f/><ct>       0.58      0.15      0.23      3822
   <f/><tc>       0.75      0.53      0.62      3224
   <f/><tt>       0.94      0.83      0.88      1633
<rm-0/><cc>       0.78      0.61      0.68      1734
<rm-0/><ct>       0.00      0.00      0.00        31

avg / total       0.81      0.83      0.81     46801

%%%%%%%%%%
14
             precision    recall  f1-score   support

   <e/><cc>       0.75      0.91      0.82      2735
   <e/><ct>       0.20      0.00      0.01       324
   <e/><tc>       0.78      0.53      0.63       856
   <e/><tt>       0.60      0.51      0.55        76
   <f/><cc>       0.85      0.97      0.91     33970
   <f/><ct>       0.59      0.14      0.23      3870
   <f/><tc>       0.74      0.48      0.58      3368
   <f/><tt>       0.94      0.85      0.89      1432
<rm-0/><cc>       0.81      0.68      0.74      2221
<rm-0/><ct>       0.00      0.00      0.00        30

avg / total       0.81      0.84      0.81     48882

             precision    recall  f1-score   support

   <e/><cc>       0.73      0.88      0.80      2442
   <e/><ct>       0.40      0.01      0.01       272
   <e/><tc>       0.72      0.58      0.64       901
   <e/><tt>       0.39      0.17      0.24       110
   <f/><cc>       0.85      0.97      0.91     32632
   <f/><ct>       0.58      0.16      0.25      3822
   <f/><tc>       0.75      0.53      0.62      3224
   <f/><tt>       0.94      0.83      0.88      1633
<rm-0/><cc>       0.78      0.61      0.69      1734
<rm-0/><ct>       0.00      0.00      0.00        31

avg / total       0.81      0.83      0.81     46801

%%%%%%%%%%
15
             precision    recall  f1-score   support

   <e/><cc>       0.75      0.91      0.82      2735
   <e/><ct>       0.20      0.00      0.01       324
   <e/><tc>       0.77      0.53      0.63       856
   <e/><tt>       0.58      0.51      0.55        76
   <f/><cc>       0.85      0.97      0.91     33970
   <f/><ct>       0.58      0.15      0.24      3870
   <f/><tc>       0.73      0.48      0.58      3368
   <f/><tt>       0.94      0.85      0.89      1432
<rm-0/><cc>       0.81      0.68      0.74      2221
<rm-0/><ct>       0.00      0.00      0.00        30

avg / total       0.81      0.83      0.81     48882

             precision    recall  f1-score   support

   <e/><cc>       0.73      0.88      0.80      2442
   <e/><ct>       0.40      0.01      0.01       272
   <e/><tc>       0.72      0.58      0.64       901
   <e/><tt>       0.35      0.16      0.22       110
   <f/><cc>       0.86      0.97      0.91     32632
   <f/><ct>       0.57      0.16      0.25      3822
   <f/><tc>       0.75      0.53      0.62      3224
   <f/><tt>       0.94      0.82      0.88      1633
<rm-0/><cc>       0.78      0.61      0.68      1734
<rm-0/><ct>       0.00      0.00      0.00        31

avg / total       0.81      0.83      0.81     46801

%%%%%%%%%%
16
             precision    recall  f1-score   support

   <e/><cc>       0.75      0.91      0.82      2735
   <e/><ct>       0.17      0.00      0.01       324
   <e/><tc>       0.77      0.53      0.63       856
   <e/><tt>       0.58      0.51      0.55        76
   <f/><cc>       0.85      0.97      0.91     33970
   <f/><ct>       0.57      0.15      0.24      3870
   <f/><tc>       0.73      0.48      0.58      3368
   <f/><tt>       0.93      0.85      0.89      1432
<rm-0/><cc>       0.81      0.68      0.74      2221
<rm-0/><ct>       0.00      0.00      0.00        30

avg / total       0.81      0.83      0.81     48882

             precision    recall  f1-score   support

   <e/><cc>       0.73      0.88      0.80      2442
   <e/><ct>       0.40      0.01      0.01       272
   <e/><tc>       0.71      0.58      0.64       901
   <e/><tt>       0.34      0.16      0.22       110
   <f/><cc>       0.86      0.97      0.91     32632
   <f/><ct>       0.56      0.17      0.26      3822
   <f/><tc>       0.75      0.54      0.62      3224
   <f/><tt>       0.94      0.82      0.88      1633
<rm-0/><cc>       0.78      0.61      0.69      1734
<rm-0/><ct>       0.00      0.00      0.00        31

avg / total       0.81      0.83      0.81     46801

%%%%%%%%%%
17
             precision    recall  f1-score   support

   <e/><cc>       0.75      0.91      0.82      2735
   <e/><ct>       0.29      0.01      0.01       324
   <e/><tc>       0.76      0.53      0.63       856
   <e/><tt>       0.59      0.53      0.56        76
   <f/><cc>       0.85      0.97      0.91     33970
   <f/><ct>       0.56      0.16      0.25      3870
   <f/><tc>       0.72      0.48      0.58      3368
   <f/><tt>       0.93      0.85      0.89      1432
<rm-0/><cc>       0.81      0.68      0.74      2221
<rm-0/><ct>       0.00      0.00      0.00        30

avg / total       0.81      0.83      0.81     48882

             precision    recall  f1-score   support

   <e/><cc>       0.73      0.87      0.80      2442
   <e/><ct>       0.40      0.01      0.01       272
   <e/><tc>       0.70      0.59      0.64       901
   <e/><tt>       0.34      0.16      0.22       110
   <f/><cc>       0.86      0.96      0.91     32632
   <f/><ct>       0.55      0.18      0.27      3822
   <f/><tc>       0.74      0.54      0.62      3224
   <f/><tt>       0.94      0.82      0.88      1633
<rm-0/><cc>       0.78      0.61      0.69      1734
<rm-0/><ct>       0.00      0.00      0.00        31

avg / total       0.81      0.83      0.81     46801

%%%%%%%%%%
18
             precision    recall  f1-score   support

   <e/><cc>       0.76      0.90      0.82      2735
   <e/><ct>       0.29      0.01      0.01       324
   <e/><tc>       0.76      0.53      0.63       856
   <e/><tt>       0.59      0.54      0.56        76
   <f/><cc>       0.85      0.96      0.91     33970
   <f/><ct>       0.55      0.17      0.26      3870
   <f/><tc>       0.72      0.48      0.58      3368
   <f/><tt>       0.93      0.85      0.89      1432
<rm-0/><cc>       0.81      0.68      0.74      2221
<rm-0/><ct>       0.00      0.00      0.00        30

avg / total       0.81      0.83      0.81     48882

             precision    recall  f1-score   support

   <e/><cc>       0.73      0.87      0.80      2442
   <e/><ct>       0.40      0.01      0.01       272
   <e/><tc>       0.70      0.59      0.64       901
   <e/><tt>       0.35      0.17      0.23       110
   <f/><cc>       0.86      0.96      0.91     32632
   <f/><ct>       0.55      0.19      0.28      3822
   <f/><tc>       0.74      0.54      0.62      3224
   <f/><tt>       0.94      0.82      0.88      1633
<rm-0/><cc>       0.78      0.61      0.69      1734
<rm-0/><ct>       0.00      0.00      0.00        31

avg / total       0.81      0.83      0.81     46801

%%%%%%%%%%
19
             precision    recall  f1-score   support

   <e/><cc>       0.76      0.90      0.82      2735
   <e/><ct>       0.25      0.01      0.01       324
   <e/><tc>       0.76      0.54      0.63       856
   <e/><tt>       0.58      0.53      0.55        76
   <f/><cc>       0.85      0.96      0.91     33970
   <f/><ct>       0.55      0.17      0.26      3870
   <f/><tc>       0.72      0.48      0.57      3368
   <f/><tt>       0.94      0.85      0.89      1432
<rm-0/><cc>       0.81      0.68      0.74      2221
<rm-0/><ct>       0.00      0.00      0.00        30

avg / total       0.81      0.83      0.81     48882

             precision    recall  f1-score   support

   <e/><cc>       0.73      0.87      0.80      2442
   <e/><ct>       0.40      0.01      0.01       272
   <e/><tc>       0.70      0.59      0.64       901
   <e/><tt>       0.35      0.17      0.23       110
   <f/><cc>       0.86      0.96      0.91     32632
   <f/><ct>       0.55      0.19      0.28      3822
   <f/><tc>       0.73      0.54      0.62      3224
   <f/><tt>       0.94      0.82      0.88      1633
<rm-0/><cc>       0.78      0.61      0.69      1734
<rm-0/><ct>       0.00      0.00      0.00        31

avg / total       0.81      0.83      0.81     46801

%%%%%%%%%%
20
             precision    recall  f1-score   support

   <e/><cc>       0.76      0.90      0.82      2735
   <e/><ct>       0.33      0.01      0.02       324
   <e/><tc>       0.75      0.54      0.63       856
   <e/><tt>       0.58      0.53      0.55        76
   <f/><cc>       0.85      0.96      0.91     33970
   <f/><ct>       0.55      0.17      0.26      3870
   <f/><tc>       0.72      0.47      0.57      3368
   <f/><tt>       0.93      0.84      0.89      1432
<rm-0/><cc>       0.81      0.68      0.74      2221
<rm-0/><ct>       0.00      0.00      0.00        30

avg / total       0.81      0.83      0.81     48882

             precision    recall  f1-score   support

   <e/><cc>       0.74      0.87      0.80      2442
   <e/><ct>       0.40      0.01      0.01       272
   <e/><tc>       0.70      0.59      0.64       901
   <e/><tt>       0.35      0.17      0.23       110
   <f/><cc>       0.86      0.96      0.91     32632
   <f/><ct>       0.54      0.20      0.29      3822
   <f/><tc>       0.73      0.53      0.62      3224
   <f/><tt>       0.94      0.82      0.88      1633
<rm-0/><cc>       0.78      0.61      0.69      1734
<rm-0/><ct>       0.00      0.00      0.00        31

avg / total       0.81      0.83      0.81     46801

%%%%%%%%%%
21
             precision    recall  f1-score   support

   <e/><cc>       0.76      0.90      0.82      2735
   <e/><ct>       0.33      0.01      0.02       324
   <e/><tc>       0.76      0.54      0.63       856
   <e/><tt>       0.56      0.53      0.54        76
   <f/><cc>       0.85      0.96      0.90     33970
   <f/><ct>       0.54      0.18      0.26      3870
   <f/><tc>       0.72      0.47      0.57      3368
   <f/><tt>       0.93      0.84      0.89      1432
<rm-0/><cc>       0.81      0.68      0.74      2221
<rm-0/><ct>       0.00      0.00      0.00        30

avg / total       0.81      0.83      0.81     48882

             precision    recall  f1-score   support

   <e/><cc>       0.74      0.87      0.80      2442
   <e/><ct>       0.40      0.01      0.01       272
   <e/><tc>       0.69      0.59      0.64       901
   <e/><tt>       0.34      0.17      0.23       110
   <f/><cc>       0.86      0.96      0.91     32632
   <f/><ct>       0.54      0.20      0.29      3822
   <f/><tc>       0.73      0.53      0.61      3224
   <f/><tt>       0.94      0.82      0.88      1633
<rm-0/><cc>       0.78      0.61      0.68      1734
<rm-0/><ct>       0.00      0.00      0.00        31

avg / total       0.81      0.83      0.81     46801

%%%%%%%%%%
22
             precision    recall  f1-score   support

   <e/><cc>       0.76      0.90      0.82      2735
   <e/><ct>       0.33      0.01      0.02       324
   <e/><tc>       0.75      0.54      0.62       856
   <e/><tt>       0.55      0.51      0.53        76
   <f/><cc>       0.85      0.96      0.90     33970
   <f/><ct>       0.53      0.17      0.26      3870
   <f/><tc>       0.72      0.47      0.57      3368
   <f/><tt>       0.93      0.84      0.88      1432
<rm-0/><cc>       0.81      0.68      0.74      2221
<rm-0/><ct>       0.00      0.00      0.00        30

avg / total       0.81      0.83      0.81     48882

             precision    recall  f1-score   support

   <e/><cc>       0.73      0.87      0.80      2442
   <e/><ct>       0.40      0.01      0.01       272
   <e/><tc>       0.69      0.59      0.64       901
   <e/><tt>       0.34      0.17      0.23       110
   <f/><cc>       0.86      0.96      0.91     32632
   <f/><ct>       0.54      0.20      0.29      3822
   <f/><tc>       0.73      0.52      0.61      3224
   <f/><tt>       0.94      0.82      0.88      1633
<rm-0/><cc>       0.78      0.61      0.68      1734
<rm-0/><ct>       0.00      0.00      0.00        31

avg / total       0.81      0.83      0.81     46801

%%%%%%%%%%
23
             precision    recall  f1-score   support

   <e/><cc>       0.76      0.90      0.82      2735
   <e/><ct>       0.33      0.01      0.02       324
   <e/><tc>       0.75      0.54      0.62       856
   <e/><tt>       0.55      0.51      0.53        76
   <f/><cc>       0.85      0.96      0.90     33970
   <f/><ct>       0.54      0.18      0.27      3870
   <f/><tc>       0.72      0.46      0.56      3368
   <f/><tt>       0.93      0.84      0.88      1432
<rm-0/><cc>       0.81      0.68      0.74      2221
<rm-0/><ct>       0.00      0.00      0.00        30

avg / total       0.81      0.83      0.81     48882

             precision    recall  f1-score   support

   <e/><cc>       0.73      0.87      0.80      2442
   <e/><ct>       0.40      0.01      0.01       272
   <e/><tc>       0.70      0.58      0.64       901
   <e/><tt>       0.34      0.19      0.24       110
   <f/><cc>       0.86      0.96      0.90     32632
   <f/><ct>       0.53      0.19      0.29      3822
   <f/><tc>       0.73      0.52      0.60      3224
   <f/><tt>       0.93      0.82      0.87      1633
<rm-0/><cc>       0.78      0.61      0.69      1734
<rm-0/><ct>       0.00      0.00      0.00        31

avg / total       0.81      0.83      0.81     46801

%%%%%%%%%%
24
             precision    recall  f1-score   support

   <e/><cc>       0.76      0.90      0.82      2735
   <e/><ct>       0.33      0.01      0.02       324
   <e/><tc>       0.74      0.53      0.62       856
   <e/><tt>       0.55      0.51      0.53        76
   <f/><cc>       0.85      0.96      0.90     33970
   <f/><ct>       0.53      0.18      0.27      3870
   <f/><tc>       0.71      0.46      0.56      3368
   <f/><tt>       0.93      0.84      0.88      1432
<rm-0/><cc>       0.81      0.68      0.74      2221
<rm-0/><ct>       0.00      0.00      0.00        30

avg / total       0.81      0.83      0.81     48882

             precision    recall  f1-score   support

   <e/><cc>       0.74      0.87      0.80      2442
   <e/><ct>       0.50      0.01      0.01       272
   <e/><tc>       0.70      0.58      0.63       901
   <e/><tt>       0.34      0.20      0.25       110
   <f/><cc>       0.86      0.96      0.90     32632
   <f/><ct>       0.53      0.20      0.29      3822
   <f/><tc>       0.73      0.51      0.60      3224
   <f/><tt>       0.93      0.82      0.87      1633
<rm-0/><cc>       0.79      0.61      0.69      1734
<rm-0/><ct>       0.00      0.00      0.00        31

avg / total       0.81      0.83      0.81     46801

%%%%%%%%%%
25
             precision    recall  f1-score   support

   <e/><cc>       0.76      0.90      0.82      2735
   <e/><ct>       0.38      0.01      0.02       324
   <e/><tc>       0.74      0.54      0.62       856
   <e/><tt>       0.55      0.51      0.53        76
   <f/><cc>       0.85      0.96      0.90     33970
   <f/><ct>       0.53      0.18      0.27      3870
   <f/><tc>       0.71      0.46      0.56      3368
   <f/><tt>       0.93      0.84      0.88      1432
<rm-0/><cc>       0.81      0.67      0.74      2221
<rm-0/><ct>       0.00      0.00      0.00        30

avg / total       0.81      0.83      0.80     48882

             precision    recall  f1-score   support

   <e/><cc>       0.74      0.87      0.80      2442
   <e/><ct>       0.40      0.01      0.01       272
   <e/><tc>       0.70      0.58      0.64       901
   <e/><tt>       0.36      0.22      0.27       110
   <f/><cc>       0.86      0.96      0.90     32632
   <f/><ct>       0.53      0.20      0.29      3822
   <f/><tc>       0.73      0.51      0.60      3224
   <f/><tt>       0.93      0.82      0.87      1633
<rm-0/><cc>       0.79      0.61      0.69      1734
<rm-0/><ct>       0.00      0.00      0.00        31

avg / total       0.81      0.83      0.81     46801

%%%%%%%%%%
26
             precision    recall  f1-score   support

   <e/><cc>       0.76      0.90      0.82      2735
   <e/><ct>       0.33      0.01      0.02       324
   <e/><tc>       0.74      0.53      0.62       856
   <e/><tt>       0.56      0.51      0.53        76
   <f/><cc>       0.85      0.96      0.90     33970
   <f/><ct>       0.52      0.18      0.27      3870
   <f/><tc>       0.71      0.46      0.55      3368
   <f/><tt>       0.93      0.84      0.88      1432
<rm-0/><cc>       0.81      0.68      0.74      2221
<rm-0/><ct>       0.00      0.00      0.00        30

avg / total       0.81      0.83      0.80     48882

             precision    recall  f1-score   support

   <e/><cc>       0.74      0.87      0.80      2442
   <e/><ct>       0.40      0.01      0.01       272
   <e/><tc>       0.69      0.57      0.63       901
   <e/><tt>       0.36      0.23      0.28       110
   <f/><cc>       0.86      0.96      0.90     32632
   <f/><ct>       0.53      0.20      0.29      3822
   <f/><tc>       0.72      0.51      0.60      3224
   <f/><tt>       0.93      0.82      0.87      1633
<rm-0/><cc>       0.79      0.61      0.69      1734
<rm-0/><ct>       0.00      0.00      0.00        31

avg / total       0.81      0.83      0.81     46801

%%%%%%%%%%
27
             precision    recall  f1-score   support

   <e/><cc>       0.76      0.90      0.82      2735
   <e/><ct>       0.30      0.01      0.02       324
   <e/><tc>       0.74      0.54      0.62       856
   <e/><tt>       0.56      0.51      0.53        76
   <f/><cc>       0.85      0.96      0.90     33970
   <f/><ct>       0.52      0.19      0.27      3870
   <f/><tc>       0.71      0.46      0.55      3368
   <f/><tt>       0.93      0.84      0.88      1432
<rm-0/><cc>       0.82      0.67      0.74      2221
<rm-0/><ct>       0.00      0.00      0.00        30

avg / total       0.80      0.83      0.80     48882

             precision    recall  f1-score   support

   <e/><cc>       0.74      0.87      0.80      2442
   <e/><ct>       0.33      0.01      0.01       272
   <e/><tc>       0.69      0.58      0.63       901
   <e/><tt>       0.32      0.21      0.25       110
   <f/><cc>       0.85      0.96      0.90     32632
   <f/><ct>       0.52      0.20      0.29      3822
   <f/><tc>       0.72      0.51      0.60      3224
   <f/><tt>       0.93      0.82      0.87      1633
<rm-0/><cc>       0.79      0.60      0.68      1734
<rm-0/><ct>       0.00      0.00      0.00        31

avg / total       0.80      0.83      0.80     46801

%%%%%%%%%%
28
             precision    recall  f1-score   support

   <e/><cc>       0.75      0.90      0.82      2735
   <e/><ct>       0.30      0.01      0.02       324
   <e/><tc>       0.74      0.53      0.62       856
   <e/><tt>       0.57      0.54      0.55        76
   <f/><cc>       0.85      0.96      0.90     33970
   <f/><ct>       0.51      0.19      0.27      3870
   <f/><tc>       0.71      0.45      0.55      3368
   <f/><tt>       0.93      0.84      0.88      1432
<rm-0/><cc>       0.81      0.68      0.74      2221
<rm-0/><ct>       0.00      0.00      0.00        30

avg / total       0.80      0.83      0.80     48882

             precision    recall  f1-score   support

   <e/><cc>       0.73      0.87      0.80      2442
   <e/><ct>       0.33      0.01      0.01       272
   <e/><tc>       0.69      0.57      0.63       901
   <e/><tt>       0.32      0.21      0.25       110
   <f/><cc>       0.86      0.96      0.90     32632
   <f/><ct>       0.52      0.20      0.29      3822
   <f/><tc>       0.72      0.51      0.60      3224
   <f/><tt>       0.93      0.82      0.87      1633
<rm-0/><cc>       0.79      0.61      0.68      1734
<rm-0/><ct>       0.00      0.00      0.00        31

avg / total       0.80      0.83      0.80     46801

%%%%%%%%%%
29
             precision    recall  f1-score   support

   <e/><cc>       0.75      0.90      0.82      2735
   <e/><ct>       0.30      0.01      0.02       324
   <e/><tc>       0.74      0.53      0.62       856
   <e/><tt>       0.56      0.53      0.54        76
   <f/><cc>       0.85      0.96      0.90     33970
   <f/><ct>       0.51      0.19      0.27      3870
   <f/><tc>       0.70      0.45      0.55      3368
   <f/><tt>       0.93      0.84      0.88      1432
<rm-0/><cc>       0.81      0.67      0.74      2221
<rm-0/><ct>       0.00      0.00      0.00        30

avg / total       0.80      0.83      0.80     48882

             precision    recall  f1-score   support

   <e/><cc>       0.73      0.87      0.79      2442
   <e/><ct>       0.29      0.01      0.01       272
   <e/><tc>       0.69      0.57      0.62       901
   <e/><tt>       0.31      0.19      0.24       110
   <f/><cc>       0.85      0.96      0.90     32632
   <f/><ct>       0.52      0.20      0.29      3822
   <f/><tc>       0.71      0.51      0.59      3224
   <f/><tt>       0.93      0.82      0.87      1633
<rm-0/><cc>       0.78      0.61      0.68      1734
<rm-0/><ct>       0.00      0.00      0.00        31

avg / total       0.80      0.83      0.80     46801

%%%%%%%%%%
30
             precision    recall  f1-score   support

   <e/><cc>       0.75      0.90      0.82      2735
   <e/><ct>       0.30      0.01      0.02       324
   <e/><tc>       0.74      0.53      0.62       856
   <e/><tt>       0.56      0.53      0.54        76
   <f/><cc>       0.85      0.96      0.90     33970
   <f/><ct>       0.51      0.19      0.28      3870
   <f/><tc>       0.70      0.45      0.55      3368
   <f/><tt>       0.93      0.84      0.88      1432
<rm-0/><cc>       0.81      0.68      0.74      2221
<rm-0/><ct>       0.00      0.00      0.00        30

avg / total       0.80      0.83      0.80     48882

             precision    recall  f1-score   support

   <e/><cc>       0.73      0.87      0.79      2442
   <e/><ct>       0.20      0.01      0.01       272
   <e/><tc>       0.69      0.56      0.62       901
   <e/><tt>       0.32      0.19      0.24       110
   <f/><cc>       0.85      0.96      0.90     32632
   <f/><ct>       0.52      0.21      0.30      3822
   <f/><tc>       0.71      0.50      0.59      3224
   <f/><tt>       0.93      0.82      0.87      1633
<rm-0/><cc>       0.78      0.60      0.68      1734
<rm-0/><ct>       0.00      0.00      0.00        31

avg / total       0.80      0.83      0.80     46801

%%%%%%%%%%
31
             precision    recall  f1-score   support

   <e/><cc>       0.75      0.90      0.82      2735
   <e/><ct>       0.27      0.01      0.02       324
   <e/><tc>       0.73      0.53      0.61       856
   <e/><tt>       0.56      0.51      0.53        76
   <f/><cc>       0.85      0.96      0.90     33970
   <f/><ct>       0.51      0.19      0.28      3870
   <f/><tc>       0.70      0.45      0.54      3368
   <f/><tt>       0.93      0.83      0.88      1432
<rm-0/><cc>       0.81      0.67      0.74      2221
<rm-0/><ct>       0.00      0.00      0.00        30

avg / total       0.80      0.83      0.80     48882

             precision    recall  f1-score   support

   <e/><cc>       0.73      0.87      0.79      2442
   <e/><ct>       0.18      0.01      0.01       272
   <e/><tc>       0.69      0.56      0.62       901
   <e/><tt>       0.32      0.18      0.23       110
   <f/><cc>       0.85      0.96      0.90     32632
   <f/><ct>       0.51      0.21      0.30      3822
   <f/><tc>       0.71      0.50      0.59      3224
   <f/><tt>       0.93      0.82      0.87      1633
<rm-0/><cc>       0.79      0.61      0.68      1734
<rm-0/><ct>       0.00      0.00      0.00        31

avg / total       0.80      0.83      0.80     46801

%%%%%%%%%%
32
             precision    recall  f1-score   support

   <e/><cc>       0.75      0.90      0.82      2735
   <e/><ct>       0.38      0.02      0.03       324
   <e/><tc>       0.73      0.52      0.61       856
   <e/><tt>       0.57      0.51      0.54        76
   <f/><cc>       0.85      0.96      0.90     33970
   <f/><ct>       0.50      0.19      0.28      3870
   <f/><tc>       0.69      0.44      0.54      3368
   <f/><tt>       0.93      0.83      0.88      1432
<rm-0/><cc>       0.81      0.67      0.73      2221
<rm-0/><ct>       0.00      0.00      0.00        30

avg / total       0.80      0.83      0.80     48882

             precision    recall  f1-score   support

   <e/><cc>       0.73      0.87      0.79      2442
   <e/><ct>       0.18      0.01      0.01       272
   <e/><tc>       0.69      0.56      0.62       901
   <e/><tt>       0.31      0.17      0.22       110
   <f/><cc>       0.86      0.95      0.90     32632
   <f/><ct>       0.51      0.21      0.30      3822
   <f/><tc>       0.70      0.50      0.59      3224
   <f/><tt>       0.92      0.81      0.87      1633
<rm-0/><cc>       0.79      0.61      0.69      1734
<rm-0/><ct>       0.00      0.00      0.00        31

avg / total       0.80      0.83      0.80     46801

%%%%%%%%%%
33
             precision    recall  f1-score   support

   <e/><cc>       0.75      0.89      0.82      2735
   <e/><ct>       0.38      0.02      0.03       324
   <e/><tc>       0.73      0.53      0.61       856
   <e/><tt>       0.57      0.51      0.54        76
   <f/><cc>       0.85      0.96      0.90     33970
   <f/><ct>       0.49      0.20      0.28      3870
   <f/><tc>       0.68      0.44      0.54      3368
   <f/><tt>       0.93      0.83      0.88      1432
<rm-0/><cc>       0.81      0.67      0.73      2221
<rm-0/><ct>       0.00      0.00      0.00        30

avg / total       0.80      0.82      0.80     48882

             precision    recall  f1-score   support

   <e/><cc>       0.73      0.86      0.79      2442
   <e/><ct>       0.18      0.01      0.01       272
   <e/><tc>       0.68      0.56      0.62       901
   <e/><tt>       0.30      0.17      0.22       110
   <f/><cc>       0.86      0.95      0.90     32632
   <f/><ct>       0.51      0.21      0.30      3822
   <f/><tc>       0.70      0.50      0.59      3224
   <f/><tt>       0.92      0.81      0.86      1633
<rm-0/><cc>       0.78      0.60      0.68      1734
<rm-0/><ct>       0.00      0.00      0.00        31

avg / total       0.80      0.82      0.80     46801

%%%%%%%%%%
34
             precision    recall  f1-score   support

   <e/><cc>       0.75      0.89      0.82      2735
   <e/><ct>       0.38      0.02      0.03       324
   <e/><tc>       0.72      0.53      0.61       856
   <e/><tt>       0.57      0.51      0.54        76
   <f/><cc>       0.85      0.95      0.90     33970
   <f/><ct>       0.49      0.20      0.28      3870
   <f/><tc>       0.67      0.44      0.53      3368
   <f/><tt>       0.93      0.83      0.87      1432
<rm-0/><cc>       0.81      0.67      0.73      2221
<rm-0/><ct>       0.00      0.00      0.00        30

avg / total       0.80      0.82      0.80     48882

             precision    recall  f1-score   support

   <e/><cc>       0.73      0.86      0.79      2442
   <e/><ct>       0.18      0.01      0.01       272
   <e/><tc>       0.68      0.56      0.61       901
   <e/><tt>       0.31      0.18      0.23       110
   <f/><cc>       0.86      0.95      0.90     32632
   <f/><ct>       0.50      0.22      0.30      3822
   <f/><tc>       0.69      0.50      0.58      3224
   <f/><tt>       0.92      0.81      0.86      1633
<rm-0/><cc>       0.78      0.60      0.68      1734
<rm-0/><ct>       0.00      0.00      0.00        31

avg / total       0.80      0.82      0.80     46801

%%%%%%%%%%
35
             precision    recall  f1-score   support

   <e/><cc>       0.75      0.89      0.82      2735
   <e/><ct>       0.36      0.02      0.03       324
   <e/><tc>       0.71      0.53      0.61       856
   <e/><tt>       0.57      0.50      0.53        76
   <f/><cc>       0.85      0.95      0.90     33970
   <f/><ct>       0.48      0.21      0.29      3870
   <f/><tc>       0.67      0.45      0.54      3368
   <f/><tt>       0.93      0.83      0.87      1432
<rm-0/><cc>       0.81      0.67      0.73      2221
<rm-0/><ct>       0.00      0.00      0.00        30

avg / total       0.80      0.82      0.80     48882

             precision    recall  f1-score   support

   <e/><cc>       0.74      0.86      0.79      2442
   <e/><ct>       0.22      0.01      0.01       272
   <e/><tc>       0.67      0.57      0.62       901
   <e/><tt>       0.34      0.20      0.25       110
   <f/><cc>       0.86      0.95      0.90     32632
   <f/><ct>       0.50      0.23      0.31      3822
   <f/><tc>       0.68      0.51      0.58      3224
   <f/><tt>       0.92      0.81      0.86      1633
<rm-0/><cc>       0.78      0.60      0.68      1734
<rm-0/><ct>       0.00      0.00      0.00        31

avg / total       0.80      0.82      0.80     46801

%%%%%%%%%%
36
             precision    recall  f1-score   support

   <e/><cc>       0.75      0.88      0.81      2735
   <e/><ct>       0.36      0.02      0.03       324
   <e/><tc>       0.70      0.53      0.60       856
   <e/><tt>       0.57      0.51      0.54        76
   <f/><cc>       0.85      0.95      0.90     33970
   <f/><ct>       0.48      0.21      0.30      3870
   <f/><tc>       0.66      0.45      0.54      3368
   <f/><tt>       0.92      0.83      0.87      1432
<rm-0/><cc>       0.81      0.67      0.73      2221
<rm-0/><ct>       0.00      0.00      0.00        30

avg / total       0.80      0.82      0.80     48882

             precision    recall  f1-score   support

   <e/><cc>       0.74      0.86      0.79      2442
   <e/><ct>       0.33      0.01      0.03       272
   <e/><tc>       0.67      0.57      0.61       901
   <e/><tt>       0.33      0.19      0.24       110
   <f/><cc>       0.86      0.95      0.90     32632
   <f/><ct>       0.49      0.23      0.31      3822
   <f/><tc>       0.67      0.51      0.58      3224
   <f/><tt>       0.92      0.81      0.86      1633
<rm-0/><cc>       0.78      0.60      0.68      1734
<rm-0/><ct>       0.00      0.00      0.00        31

avg / total       0.80      0.82      0.80     46801

%%%%%%%%%%
37
             precision    recall  f1-score   support

   <e/><cc>       0.75      0.88      0.81      2735
   <e/><ct>       0.40      0.02      0.04       324
   <e/><tc>       0.69      0.53      0.60       856
   <e/><tt>       0.57      0.51      0.54        76
   <f/><cc>       0.85      0.95      0.90     33970
   <f/><ct>       0.48      0.22      0.30      3870
   <f/><tc>       0.65      0.46      0.54      3368
   <f/><tt>       0.92      0.83      0.87      1432
<rm-0/><cc>       0.81      0.67      0.73      2221
<rm-0/><ct>       0.00      0.00      0.00        30

avg / total       0.80      0.82      0.80     48882

             precision    recall  f1-score   support

   <e/><cc>       0.74      0.85      0.79      2442
   <e/><ct>       0.36      0.01      0.03       272
   <e/><tc>       0.66      0.57      0.62       901
   <e/><tt>       0.33      0.20      0.25       110
   <f/><cc>       0.86      0.94      0.90     32632
   <f/><ct>       0.48      0.24      0.32      3822
   <f/><tc>       0.66      0.52      0.58      3224
   <f/><tt>       0.92      0.81      0.86      1633
<rm-0/><cc>       0.78      0.60      0.68      1734
<rm-0/><ct>       0.00      0.00      0.00        31

avg / total       0.80      0.82      0.80     46801

%%%%%%%%%%
38
             precision    recall  f1-score   support

   <e/><cc>       0.76      0.88      0.81      2735
   <e/><ct>       0.40      0.02      0.04       324
   <e/><tc>       0.69      0.53      0.60       856
   <e/><tt>       0.57      0.50      0.53        76
   <f/><cc>       0.85      0.95      0.90     33970
   <f/><ct>       0.47      0.22      0.30      3870
   <f/><tc>       0.64      0.46      0.54      3368
   <f/><tt>       0.92      0.83      0.87      1432
<rm-0/><cc>       0.81      0.67      0.73      2221
<rm-0/><ct>       0.00      0.00      0.00        30

avg / total       0.80      0.82      0.80     48882

             precision    recall  f1-score   support

   <e/><cc>       0.74      0.85      0.79      2442
   <e/><ct>       0.40      0.01      0.03       272
   <e/><tc>       0.66      0.57      0.61       901
   <e/><tt>       0.33      0.19      0.24       110
   <f/><cc>       0.86      0.94      0.90     32632
   <f/><ct>       0.47      0.24      0.32      3822
   <f/><tc>       0.66      0.53      0.58      3224
   <f/><tt>       0.92      0.81      0.86      1633
<rm-0/><cc>       0.78      0.60      0.68      1734
<rm-0/><ct>       0.00      0.00      0.00        31

avg / total       0.80      0.82      0.80     46801

%%%%%%%%%%
39
             precision    recall  f1-score   support

   <e/><cc>       0.76      0.87      0.81      2735
   <e/><ct>       0.38      0.02      0.04       324
   <e/><tc>       0.68      0.54      0.60       856
   <e/><tt>       0.58      0.50      0.54        76
   <f/><cc>       0.85      0.94      0.90     33970
   <f/><ct>       0.46      0.22      0.30      3870
   <f/><tc>       0.64      0.46      0.54      3368
   <f/><tt>       0.92      0.83      0.87      1432
<rm-0/><cc>       0.82      0.66      0.73      2221
<rm-0/><ct>       0.00      0.00      0.00        30

avg / total       0.80      0.82      0.80     48882

             precision    recall  f1-score   support

   <e/><cc>       0.74      0.85      0.79      2442
   <e/><ct>       0.25      0.01      0.02       272
   <e/><tc>       0.66      0.57      0.61       901
   <e/><tt>       0.32      0.19      0.24       110
   <f/><cc>       0.86      0.94      0.90     32632
   <f/><ct>       0.47      0.24      0.32      3822
   <f/><tc>       0.65      0.52      0.58      3224
   <f/><tt>       0.92      0.81      0.86      1633
<rm-0/><cc>       0.78      0.60      0.68      1734
<rm-0/><ct>       0.00      0.00      0.00        31

avg / total       0.80      0.82      0.80     46801

%%%%%%%%%%
40
             precision    recall  f1-score   support

   <e/><cc>       0.76      0.87      0.81      2735
   <e/><ct>       0.33      0.02      0.03       324
   <e/><tc>       0.68      0.54      0.60       856
   <e/><tt>       0.58      0.50      0.54        76
   <f/><cc>       0.85      0.94      0.90     33970
   <f/><ct>       0.46      0.22      0.30      3870
   <f/><tc>       0.64      0.47      0.54      3368
   <f/><tt>       0.92      0.83      0.87      1432
<rm-0/><cc>       0.82      0.67      0.73      2221
<rm-0/><ct>       0.00      0.00      0.00        30

avg / total       0.80      0.82      0.80     48882

             precision    recall  f1-score   support

   <e/><cc>       0.74      0.85      0.79      2442
   <e/><ct>       0.31      0.01      0.03       272
   <e/><tc>       0.66      0.57      0.61       901
   <e/><tt>       0.34      0.21      0.26       110
   <f/><cc>       0.86      0.94      0.90     32632
   <f/><ct>       0.46      0.24      0.32      3822
   <f/><tc>       0.65      0.52      0.58      3224
   <f/><tt>       0.92      0.80      0.86      1633
<rm-0/><cc>       0.78      0.60      0.68      1734
<rm-0/><ct>       0.00      0.00      0.00        31

avg / total       0.79      0.82      0.80     46801

%%%%%%%%%%
41
             precision    recall  f1-score   support

   <e/><cc>       0.76      0.87      0.81      2735
   <e/><ct>       0.27      0.01      0.02       324
   <e/><tc>       0.68      0.54      0.60       856
   <e/><tt>       0.57      0.47      0.52        76
   <f/><cc>       0.85      0.94      0.90     33970
   <f/><ct>       0.46      0.22      0.30      3870
   <f/><tc>       0.63      0.47      0.54      3368
   <f/><tt>       0.92      0.83      0.87      1432
<rm-0/><cc>       0.81      0.67      0.73      2221
<rm-0/><ct>       0.00      0.00      0.00        30

avg / total       0.79      0.82      0.80     48882

             precision    recall  f1-score   support

   <e/><cc>       0.74      0.85      0.79      2442
   <e/><ct>       0.23      0.01      0.02       272
   <e/><tc>       0.66      0.58      0.61       901
   <e/><tt>       0.34      0.21      0.26       110
   <f/><cc>       0.86      0.94      0.90     32632
   <f/><ct>       0.46      0.24      0.32      3822
   <f/><tc>       0.65      0.52      0.58      3224
   <f/><tt>       0.92      0.80      0.85      1633
<rm-0/><cc>       0.78      0.60      0.68      1734
<rm-0/><ct>       0.00      0.00      0.00        31

avg / total       0.79      0.82      0.80     46801

%%%%%%%%%%
42
             precision    recall  f1-score   support

   <e/><cc>       0.76      0.87      0.81      2735
   <e/><ct>       0.23      0.01      0.02       324
   <e/><tc>       0.68      0.55      0.61       856
   <e/><tt>       0.57      0.47      0.52        76
   <f/><cc>       0.85      0.94      0.90     33970
   <f/><ct>       0.46      0.22      0.30      3870
   <f/><tc>       0.63      0.46      0.53      3368
   <f/><tt>       0.92      0.83      0.87      1432
<rm-0/><cc>       0.81      0.67      0.73      2221
<rm-0/><ct>       0.00      0.00      0.00        30

avg / total       0.79      0.82      0.80     48882

             precision    recall  f1-score   support

   <e/><cc>       0.74      0.84      0.79      2442
   <e/><ct>       0.21      0.01      0.02       272
   <e/><tc>       0.66      0.57      0.61       901
   <e/><tt>       0.34      0.21      0.26       110
   <f/><cc>       0.86      0.94      0.90     32632
   <f/><ct>       0.46      0.25      0.32      3822
   <f/><tc>       0.64      0.52      0.57      3224
   <f/><tt>       0.92      0.80      0.85      1633
<rm-0/><cc>       0.78      0.60      0.68      1734
<rm-0/><ct>       0.00      0.00      0.00        31

avg / total       0.79      0.82      0.80     46801

%%%%%%%%%%
43
             precision    recall  f1-score   support

   <e/><cc>       0.76      0.87      0.81      2735
   <e/><ct>       0.29      0.01      0.02       324
   <e/><tc>       0.68      0.55      0.61       856
   <e/><tt>       0.57      0.47      0.52        76
   <f/><cc>       0.85      0.94      0.90     33970
   <f/><ct>       0.46      0.23      0.30      3870
   <f/><tc>       0.63      0.46      0.53      3368
   <f/><tt>       0.92      0.82      0.87      1432
<rm-0/><cc>       0.81      0.67      0.73      2221
<rm-0/><ct>       0.00      0.00      0.00        30

avg / total       0.79      0.82      0.80     48882

             precision    recall  f1-score   support

   <e/><cc>       0.74      0.84      0.79      2442
   <e/><ct>       0.25      0.01      0.02       272
   <e/><tc>       0.66      0.57      0.61       901
   <e/><tt>       0.34      0.21      0.26       110
   <f/><cc>       0.86      0.94      0.90     32632
   <f/><ct>       0.46      0.25      0.32      3822
   <f/><tc>       0.64      0.51      0.57      3224
   <f/><tt>       0.91      0.80      0.85      1633
<rm-0/><cc>       0.78      0.60      0.68      1734
<rm-0/><ct>       0.00      0.00      0.00        31

avg / total       0.79      0.82      0.80     46801

%%%%%%%%%%
44
             precision    recall  f1-score   support

   <e/><cc>       0.76      0.87      0.81      2735
   <e/><ct>       0.31      0.02      0.03       324
   <e/><tc>       0.69      0.54      0.61       856
   <e/><tt>       0.60      0.47      0.53        76
   <f/><cc>       0.85      0.94      0.90     33970
   <f/><ct>       0.46      0.23      0.30      3870
   <f/><tc>       0.63      0.46      0.53      3368
   <f/><tt>       0.92      0.82      0.87      1432
<rm-0/><cc>       0.81      0.67      0.73      2221
<rm-0/><ct>       0.00      0.00      0.00        30

avg / total       0.79      0.82      0.80     48882

             precision    recall  f1-score   support

   <e/><cc>       0.74      0.84      0.79      2442
   <e/><ct>       0.25      0.01      0.03       272
   <e/><tc>       0.66      0.56      0.61       901
   <e/><tt>       0.34      0.21      0.26       110
   <f/><cc>       0.86      0.94      0.90     32632
   <f/><ct>       0.46      0.25      0.32      3822
   <f/><tc>       0.64      0.51      0.57      3224
   <f/><tt>       0.91      0.80      0.85      1633
<rm-0/><cc>       0.78      0.60      0.68      1734
<rm-0/><ct>       0.00      0.00      0.00        31

avg / total       0.79      0.82      0.80     46801

%%%%%%%%%%
45
             precision    recall  f1-score   support

   <e/><cc>       0.76      0.87      0.81      2735
   <e/><ct>       0.31      0.02      0.03       324
   <e/><tc>       0.68      0.54      0.60       856
   <e/><tt>       0.60      0.47      0.53        76
   <f/><cc>       0.85      0.94      0.90     33970
   <f/><ct>       0.46      0.23      0.30      3870
   <f/><tc>       0.63      0.46      0.53      3368
   <f/><tt>       0.92      0.82      0.87      1432
<rm-0/><cc>       0.81      0.66      0.73      2221
<rm-0/><ct>       0.00      0.00      0.00        30

avg / total       0.79      0.82      0.80     48882

             precision    recall  f1-score   support

   <e/><cc>       0.74      0.84      0.79      2442
   <e/><ct>       0.24      0.01      0.03       272
   <e/><tc>       0.66      0.56      0.61       901
   <e/><tt>       0.35      0.21      0.26       110
   <f/><cc>       0.86      0.94      0.90     32632
   <f/><ct>       0.47      0.25      0.32      3822
   <f/><tc>       0.64      0.51      0.57      3224
   <f/><tt>       0.91      0.79      0.85      1633
<rm-0/><cc>       0.78      0.60      0.68      1734
<rm-0/><ct>       0.00      0.00      0.00        31

avg / total       0.79      0.82      0.80     46801

%%%%%%%%%%
46
             precision    recall  f1-score   support

   <e/><cc>       0.76      0.87      0.81      2735
   <e/><ct>       0.28      0.02      0.03       324
   <e/><tc>       0.69      0.53      0.60       856
   <e/><tt>       0.60      0.47      0.53        76
   <f/><cc>       0.85      0.94      0.90     33970
   <f/><ct>       0.46      0.23      0.30      3870
   <f/><tc>       0.63      0.46      0.53      3368
   <f/><tt>       0.92      0.82      0.87      1432
<rm-0/><cc>       0.81      0.66      0.73      2221
<rm-0/><ct>       0.00      0.00      0.00        30

avg / total       0.79      0.82      0.80     48882

             precision    recall  f1-score   support

   <e/><cc>       0.74      0.84      0.79      2442
   <e/><ct>       0.19      0.01      0.02       272
   <e/><tc>       0.65      0.56      0.61       901
   <e/><tt>       0.34      0.20      0.25       110
   <f/><cc>       0.86      0.94      0.90     32632
   <f/><ct>       0.47      0.25      0.33      3822
   <f/><tc>       0.64      0.50      0.56      3224
   <f/><tt>       0.91      0.79      0.85      1633
<rm-0/><cc>       0.78      0.60      0.68      1734
<rm-0/><ct>       0.00      0.00      0.00        31

avg / total       0.79      0.82      0.80     46801

%%%%%%%%%%
47
             precision    recall  f1-score   support

   <e/><cc>       0.76      0.87      0.81      2735
   <e/><ct>       0.29      0.02      0.03       324
   <e/><tc>       0.68      0.52      0.59       856
   <e/><tt>       0.59      0.47      0.53        76
   <f/><cc>       0.85      0.94      0.90     33970
   <f/><ct>       0.46      0.23      0.30      3870
   <f/><tc>       0.62      0.46      0.53      3368
   <f/><tt>       0.92      0.82      0.87      1432
<rm-0/><cc>       0.81      0.66      0.73      2221
<rm-0/><ct>       0.00      0.00      0.00        30

avg / total       0.79      0.82      0.80     48882

             precision    recall  f1-score   support

   <e/><cc>       0.73      0.84      0.78      2442
   <e/><ct>       0.13      0.01      0.01       272
   <e/><tc>       0.66      0.56      0.61       901
   <e/><tt>       0.37      0.22      0.27       110
   <f/><cc>       0.86      0.94      0.90     32632
   <f/><ct>       0.47      0.25      0.33      3822
   <f/><tc>       0.63      0.50      0.56      3224
   <f/><tt>       0.91      0.79      0.85      1633
<rm-0/><cc>       0.77      0.60      0.67      1734
<rm-0/><ct>       0.00      0.00      0.00        31

avg / total       0.79      0.82      0.80     46801

%%%%%%%%%%
48
             precision    recall  f1-score   support

   <e/><cc>       0.75      0.87      0.81      2735
   <e/><ct>       0.23      0.02      0.03       324
   <e/><tc>       0.69      0.52      0.59       856
   <e/><tt>       0.60      0.47      0.53        76
   <f/><cc>       0.85      0.94      0.90     33970
   <f/><ct>       0.46      0.22      0.30      3870
   <f/><tc>       0.62      0.45      0.52      3368
   <f/><tt>       0.92      0.82      0.87      1432
<rm-0/><cc>       0.81      0.66      0.73      2221
<rm-0/><ct>       0.00      0.00      0.00        30

avg / total       0.79      0.82      0.80     48882

             precision    recall  f1-score   support

   <e/><cc>       0.73      0.84      0.78      2442
   <e/><ct>       0.12      0.01      0.01       272
   <e/><tc>       0.66      0.56      0.60       901
   <e/><tt>       0.35      0.21      0.26       110
   <f/><cc>       0.86      0.94      0.90     32632
   <f/><ct>       0.47      0.25      0.33      3822
   <f/><tc>       0.63      0.50      0.56      3224
   <f/><tt>       0.91      0.79      0.85      1633
<rm-0/><cc>       0.77      0.59      0.67      1734
<rm-0/><ct>       0.00      0.00      0.00        31

avg / total       0.79      0.82      0.80     46801

%%%%%%%%%%
49
             precision    recall  f1-score   support

   <e/><cc>       0.75      0.87      0.81      2735
   <e/><ct>       0.29      0.02      0.03       324
   <e/><tc>       0.69      0.51      0.59       856
   <e/><tt>       0.62      0.49      0.54        76
   <f/><cc>       0.85      0.95      0.90     33970
   <f/><ct>       0.46      0.21      0.29      3870
   <f/><tc>       0.62      0.44      0.52      3368
   <f/><tt>       0.92      0.82      0.87      1432
<rm-0/><cc>       0.81      0.65      0.72      2221
<rm-0/><ct>       0.00      0.00      0.00        30

avg / total       0.79      0.82      0.80     48882

             precision    recall  f1-score   support

   <e/><cc>       0.73      0.84      0.78      2442
   <e/><ct>       0.16      0.01      0.02       272
   <e/><tc>       0.66      0.55      0.60       901
   <e/><tt>       0.34      0.21      0.26       110
   <f/><cc>       0.85      0.94      0.90     32632
   <f/><ct>       0.47      0.24      0.32      3822
   <f/><tc>       0.63      0.50      0.56      3224
   <f/><tt>       0.91      0.79      0.85      1633
<rm-0/><cc>       0.77      0.59      0.67      1734
<rm-0/><ct>       0.00      0.00      0.00        31

avg / total       0.79      0.81      0.80     46801

%%%%%%%%%%
50
             precision    recall  f1-score   support

   <e/><cc>       0.75      0.87      0.81      2735
   <e/><ct>       0.33      0.02      0.03       324
   <e/><tc>       0.69      0.51      0.59       856
   <e/><tt>       0.58      0.50      0.54        76
   <f/><cc>       0.85      0.94      0.89     33970
   <f/><ct>       0.45      0.22      0.30      3870
   <f/><tc>       0.61      0.45      0.52      3368
   <f/><tt>       0.92      0.82      0.86      1432
<rm-0/><cc>       0.80      0.65      0.72      2221
<rm-0/><ct>       0.00      0.00      0.00        30

avg / total       0.79      0.82      0.80     48882

             precision    recall  f1-score   support

   <e/><cc>       0.74      0.84      0.78      2442
   <e/><ct>       0.24      0.02      0.03       272
   <e/><tc>       0.65      0.55      0.60       901
   <e/><tt>       0.34      0.20      0.25       110
   <f/><cc>       0.86      0.94      0.90     32632
   <f/><ct>       0.46      0.25      0.32      3822
   <f/><tc>       0.63      0.50      0.56      3224
   <f/><tt>       0.91      0.79      0.85      1633
<rm-0/><cc>       0.76      0.59      0.67      1734
<rm-0/><ct>       0.00      0.00      0.00        31

avg / total       0.79      0.81      0.80     46801

%%%%%%%%%%
51
             precision    recall  f1-score   support

   <e/><cc>       0.76      0.87      0.81      2735
   <e/><ct>       0.28      0.02      0.03       324
   <e/><tc>       0.68      0.51      0.59       856
   <e/><tt>       0.60      0.50      0.55        76
   <f/><cc>       0.85      0.94      0.89     33970
   <f/><ct>       0.46      0.22      0.30      3870
   <f/><tc>       0.61      0.44      0.51      3368
   <f/><tt>       0.92      0.81      0.86      1432
<rm-0/><cc>       0.81      0.65      0.72      2221
<rm-0/><ct>       0.00      0.00      0.00        30

avg / total       0.79      0.82      0.80     48882

             precision    recall  f1-score   support

   <e/><cc>       0.73      0.84      0.78      2442
   <e/><ct>       0.28      0.02      0.03       272
   <e/><tc>       0.65      0.55      0.60       901
   <e/><tt>       0.35      0.22      0.27       110
   <f/><cc>       0.85      0.94      0.89     32632
   <f/><ct>       0.46      0.24      0.32      3822
   <f/><tc>       0.63      0.50      0.55      3224
   <f/><tt>       0.91      0.79      0.85      1633
<rm-0/><cc>       0.77      0.59      0.67      1734
<rm-0/><ct>       0.00      0.00      0.00        31

avg / total       0.79      0.81      0.80     46801

%%%%%%%%%%
52
             precision    recall  f1-score   support

   <e/><cc>       0.76      0.86      0.81      2735
   <e/><ct>       0.31      0.02      0.03       324
   <e/><tc>       0.69      0.51      0.58       856
   <e/><tt>       0.60      0.51      0.55        76
   <f/><cc>       0.85      0.94      0.89     33970
   <f/><ct>       0.46      0.22      0.30      3870
   <f/><tc>       0.61      0.44      0.51      3368
   <f/><tt>       0.91      0.82      0.86      1432
<rm-0/><cc>       0.81      0.65      0.72      2221
<rm-0/><ct>       0.00      0.00      0.00        30

avg / total       0.79      0.81      0.79     48882

             precision    recall  f1-score   support

   <e/><cc>       0.74      0.83      0.78      2442
   <e/><ct>       0.24      0.02      0.03       272
   <e/><tc>       0.66      0.56      0.60       901
   <e/><tt>       0.33      0.21      0.26       110
   <f/><cc>       0.85      0.94      0.89     32632
   <f/><ct>       0.45      0.24      0.31      3822
   <f/><tc>       0.63      0.50      0.55      3224
   <f/><tt>       0.91      0.79      0.85      1633
<rm-0/><cc>       0.77      0.59      0.67      1734
<rm-0/><ct>       0.00      0.00      0.00        31

avg / total       0.79      0.81      0.80     46801

%%%%%%%%%%
53
             precision    recall  f1-score   support

   <e/><cc>       0.75      0.86      0.81      2735
   <e/><ct>       0.28      0.02      0.03       324
   <e/><tc>       0.69      0.50      0.58       856
   <e/><tt>       0.60      0.51      0.55        76
   <f/><cc>       0.85      0.94      0.89     33970
   <f/><ct>       0.45      0.22      0.30      3870
   <f/><tc>       0.60      0.44      0.51      3368
   <f/><tt>       0.92      0.82      0.86      1432
<rm-0/><cc>       0.80      0.65      0.72      2221
<rm-0/><ct>       0.00      0.00      0.00        30

avg / total       0.79      0.81      0.79     48882

             precision    recall  f1-score   support

   <e/><cc>       0.73      0.83      0.78      2442
   <e/><ct>       0.22      0.01      0.03       272
   <e/><tc>       0.65      0.55      0.59       901
   <e/><tt>       0.35      0.22      0.27       110
   <f/><cc>       0.85      0.94      0.89     32632
   <f/><ct>       0.46      0.25      0.32      3822
   <f/><tc>       0.62      0.49      0.55      3224
   <f/><tt>       0.91      0.79      0.85      1633
<rm-0/><cc>       0.77      0.59      0.66      1734
<rm-0/><ct>       0.00      0.00      0.00        31

avg / total       0.79      0.81      0.79     46801

%%%%%%%%%%
54
             precision    recall  f1-score   support

   <e/><cc>       0.75      0.86      0.80      2735
   <e/><ct>       0.33      0.02      0.04       324
   <e/><tc>       0.69      0.51      0.58       856
   <e/><tt>       0.60      0.51      0.55        76
   <f/><cc>       0.85      0.94      0.89     33970
   <f/><ct>       0.44      0.23      0.30      3870
   <f/><tc>       0.60      0.44      0.51      3368
   <f/><tt>       0.91      0.81      0.86      1432
<rm-0/><cc>       0.80      0.65      0.72      2221
<rm-0/><ct>       0.00      0.00      0.00        30

avg / total       0.79      0.81      0.79     48882

             precision    recall  f1-score   support

   <e/><cc>       0.73      0.83      0.78      2442
   <e/><ct>       0.20      0.01      0.03       272
   <e/><tc>       0.65      0.55      0.59       901
   <e/><tt>       0.33      0.23      0.27       110
   <f/><cc>       0.85      0.94      0.89     32632
   <f/><ct>       0.46      0.25      0.32      3822
   <f/><tc>       0.62      0.49      0.55      3224
   <f/><tt>       0.90      0.79      0.84      1633
<rm-0/><cc>       0.77      0.58      0.67      1734
<rm-0/><ct>       0.00      0.00      0.00        31

avg / total       0.79      0.81      0.79     46801

%%%%%%%%%%
55
             precision    recall  f1-score   support

   <e/><cc>       0.75      0.86      0.80      2735
   <e/><ct>       0.38      0.02      0.04       324
   <e/><tc>       0.69      0.51      0.58       856
   <e/><tt>       0.60      0.50      0.55        76
   <f/><cc>       0.85      0.94      0.89     33970
   <f/><ct>       0.44      0.22      0.29      3870
   <f/><tc>       0.60      0.44      0.51      3368
   <f/><tt>       0.91      0.82      0.86      1432
<rm-0/><cc>       0.80      0.65      0.72      2221
<rm-0/><ct>       0.00      0.00      0.00        30

avg / total       0.79      0.81      0.79     48882

             precision    recall  f1-score   support

   <e/><cc>       0.73      0.83      0.78      2442
   <e/><ct>       0.21      0.01      0.03       272
   <e/><tc>       0.65      0.54      0.59       901
   <e/><tt>       0.34      0.24      0.28       110
   <f/><cc>       0.85      0.94      0.89     32632
   <f/><ct>       0.45      0.25      0.32      3822
   <f/><tc>       0.61      0.49      0.55      3224
   <f/><tt>       0.90      0.79      0.84      1633
<rm-0/><cc>       0.77      0.59      0.66      1734
<rm-0/><ct>       0.00      0.00      0.00        31

avg / total       0.79      0.81      0.79     46801

%%%%%%%%%%
